Myanmar South Sudan Faeroe Islands Ethiopia Italy Greece Netherlands Tunisia Colombia Isle of Man Turkey Bosnia and Herzegovina Guinea Mauritius Cabo Verde Mongolia Kuwait Bhutan El Salvador Estonia Andorra UK Nepal Dominica Burundi Saint Kitts and Nevis Afghanistan Zimbabwe Laos New Caledonia Bangladesh Iraq Ecuador North Macedonia Nigeria Eswatini Romania Saint Martin Norway Bahamas Trinidad and Tobago Benin Austria Zambia Mayotte Gabon Burkina Faso Reunion Saint Lucia Bulgaria Sao Tome and Principe St. Vincent Grenadines Nicaragua Channel Islands Curacao Palestine Fiji French Guiana Mexico Liberia Lebanon Libya Somalia Vatican City Congo Czechia Brunei Pakistan Iceland Ukraine Kazakhstan Panama Monaco Western Sahara Israel Serbia Guinea-Bissau Rwanda Bahrain Djibouti Saudi Arabia Caribbean Netherlands Egypt Hong Kong Uruguay Jamaica Albania Kyrgyzstan Qatar Sierra Leone Ireland Bolivia Uganda Lithuania Peru Montenegro China Kenya Algeria Germany Philippines Malta Senegal Poland Niger Bermuda Mozambique Portugal Honduras Saint Pierre Miquelon Iran Russia Mali Morocco Australia Sri Lanka Spain Chad Sudan Falkland Islands Thailand Taiwan South Africa Ivory Coast CAR Venezuela St. Barth Anguilla Latvia Cayman Islands Armenia Uzbekistan Aruba Timor-Leste Japan Jordan Georgia Togo Slovakia Guyana Belize Moldova Seychelles Ghana Belarus Slovenia Chile Barbados Cameroon Vietnam Liechtenstein Macao Croatia Equatorial Guinea Gambia Belgium Gibraltar Luxembourg Singapore San Marino Guatemala Argentina USA Dominican Republic Switzerland Sweden Indonesia Grenada S. Korea Angola Namibia Syria Madagascar Montserrat Greenland Yemen Brazil Cyprus UAE Mauritania Malaysia Martinique Paraguay Antigua and Barbuda French Polynesia Azerbaijan France Canada India Cambodia Botswana Tanzania Oman DRC Guadeloupe Cuba Finland Haiti British Virgin Islands Denmark Eritrea Hungary Turks and Caicos Malawi Suriname Costa Rica Papua New Guinea New Zealand Maldives 
0 1 1 1 0 1 0 0 0 1 1 1 1 1 1 1 1 1 0 1 1 0 1 0 1 0 0 1 1 1 0 0 0 1 1 1 0 0 0 0 0 0 1 1 1 1 0 1 0 0 1 0 0 0 0 0 0 0 0 1 0 1 1 1 1 1 1 1 0 1 1 0 1 0 1 0 0 0 0 0 1 0 0 1 0 0 0 1 1 1 1 0 0 1 0 1 1 0 0 1 1 0 1 1 1 0 0 1 0 1 0 1 1 1 0 0 0 1 1 0 1 1 1 1 1 0 0 0 1 0 1 1 0 1 1 1 1 1 1 0 0 1 1 0 0 1 0 0 1 1 1 1 1 1 1 0 0 1 1 1 0 0 0 0 1 1 1 0 0 1 1 0 1 0 1 0 0 1 0 1 1 0 0 0 0 1 1 1 1 1 0 0 1 1 0 0 1 0 0 0 0 1 0 1 0 0 1 0 1
1 0 1 1 0 0 0 0 1 1 1 1 1 1 1 1 0 0 0 1 1 1 1 1 1 1 1 1 1 0 1 1 1 0 1 1 1 1 0 1 1 1 1 1 1 1 1 1 1 0 1 1 0 1 1 0 0 1 0 1 1 1 1 1 1 1 1 1 1 0 1 0 1 1 0 0 1 1 1 1 0 0 1 1 1 0 0 0 1 1 1 1 1 1 1 1 0 1 1 1 0 1 1 0 0 1 0 1 0 1 1 1 1 1 1 0 1 0 0 1 1 1 0 1 1 1 1 0 0 0 1 1 1 1 0 1 1 1 1 0 0 1 1 1 0 0 1 1 1 0 1 1 1 1 1 1 1 1 1 1 0 1 1 1 0 0 1 1 0 1 0 1 0 1 1 0 1 1 1 1 1 1 1 1 0 1 1 1 1 1 1 0 1 1 1 0 1 1 1 1 0 1 1 1 1 0 0 0 1
1 1 0 1 0 1 1 1 1 1 1 1 1 1 0 1 0 1 1 1 1 0 1 0 0 1 1 1 1 0 0 1 1 1 0 1 1 1 1 1 0 1 0 0 1 0 1 0 0 0 1 0 0 1 1 1 0 1 1 1 1 0 1 1 1 1 1 1 1 0 0 0 1 1 1 0 0 1 1 0 0 1 1 1 1 0 0 0 1 1 1 0 1 1 0 1 1 1 1 1 1 1 0 1 1 1 1 1 1 1 1 1 1 0 0 1 1 1 1 0 1 0 0 1 1 1 1 0 0 0 0 0 1 0 1 1 1 1 1 0 1 1 0 0 1 1 1 0 1 1 1 0 0 1 1 1 1 1 0 0 1 1 1 1 0 0 1 1 1 0 1 0 1 0 0 1 1 1 1 1 0 1 1 0 0 0 1 0 0 1 0 1 1 0 0 1 1 1 0 1 1 0 0 1 1 1 0 0 0
1 1 1 0 1 1 1 0 0 1 0 1 1 1 1 1 1 0 0 0 1 1 1 1 1 0 1 0 1 0 1 0 0 0 1 1 1 1 1 0 1 1 1 1 1 0 1 1 1 1 0 1 0 1 1 0 0 0 0 0 1 1 1 1 1 1 1 0 1 0 1 0 0 0 1 1 1 0 1 0 1 1 0 0 0 0 0 1 0 0 1 0 0 1 0 1 1 1 0 1 0 0 1 0 1 1 0 0 0 0 1 1 1 1 1 1 1 1 0 0 0 1 1 0 0 0 1 1 1 0 1 1 1 1 1 0 1 1 0 1 0 0 1 0 1 1 0 0 1 1 0 1 0 1 1 1 0 1 0 1 0 1 1 1 0 1 0 1 0 1 1 0 1 1 1 1 1 0 0 0 1 0 0 1 0 1 0 1 1 0 1 1 1 0 0 0 0 0 0 1 1 0 1 1 1 0 0 0 0
0 0 0 1 0 1 1 1 0 1 1 1 1 1 0 1 1 1 1 1 1 1 0 1 0 1 1 1 1 0 1 1 0 0 1 1 1 0 1 1 1 1 1 0 1 1 1 1 0 0 1 0 1 1 1 0 0 1 1 1 1 1 1 1 1 0 0 0 0 1 1 0 1 1 0 1 1 1 1 0 1 1 1 1 1 1 1 0 1 1 0 1 1 0 1 1 0 0 0 1 1 1 1 1 0 0 1 1 1 1 1 0 1 0 0 1 0 0 1 0 0 0 0 0 1 0 1 1 1 1 1 1 0 0 0 1 1 1 1 1 1 1 1 0 1 1 1 1 1 1 0 1 0 0 0 0 1 0 1 1 1 1 1 1 1 0 0 1 0 1 1 0 1 1 1 0 0 0 0 1 1 1 1 0 0 1 1 0 1 1 0 1 0 1 1 1 0 0 1 1 1 1 1 0 1 1 0 0 1
1 0 1 1 1 0 0 1 1 1 1 1 0 1 1 1 1 0 1 1 1 1 1 1 1 1 0 0 0 0 1 0 0 1 1 0 1 1 1 1 1 1 1 0 1 0 0 0 0 0 1 1 0 1 0 1 0 1 0 1 1 0 0 1 1 1 1 0 0 0 0 0 1 1 1 1 1 1 0 1 0 1 0 1 1 1 1 1 0 1 1 1 1 1 0 1 1 1 1 1 1 0 0 0 0 1 1 1 1 0 1 1 0 0 0 0 0 1 1 0 1 1 1 1 1 0 1 0 0 1 1 1 1 1 1 1 1 0 0 0 1 1 1 1 0 1 0 1 1 0 1 1 1 1 1 1 1 1 1 0 0 1 1 1 1 1 1 0 0 1 1 1 1 1 1 1 1 0 1 1 1 1 1 1 0 1 0 1 1 1 1 1 1 1 1 0 0 0 0 0 1 1 1 1 1 1 0 0 0
0 0 1 1 1 0 0 1 0 0 1 0 1 1 0 0 1 1 1 1 1 1 0 1 1 1 1 1 1 0 1 0 0 1 0 1 1 1 1 1 1 1 0 1 0 0 1 0 0 0 1 1 1 0 0 1 0 0 1 1 1 1 1 1 1 0 1 1 1 0 1 0 1 1 1 1 1 1 0 1 1 1 1 1 1 0 1 1 1 1 0 0 0 1 1 1 0 1 0 1 1 1 0 0 1 1 0 1 0 1 0 1 0 1 0 0 1 1 0 0 1 1 1 0 1 1 0 0 1 1 1 1 1 0 0 1 1 1 1 1 0 1 1 1 1 1 1 1 1 0 0 1 1 0 0 0 1 0 1 1 0 1 1 0 1 1 1 0 1 1 1 1 0 0 1 1 0 1 1 1 1 0 1 0 0 1 1 0 1 1 1 1 0 0 1 1 1 0 1 1 1 1 1 1 0 0 0 0 1
0 0 1 0 1 1 1 0 1 0 1 1 1 1 0 0 1 1 1 1 1 0 1 1 1 0 1 1 1 0 1 1 1 0 0 0 0 1 1 0 1 1 1 1 0 1 1 1 1 1 1 0 1 0 0 1 0 1 1 0 0 1 1 1 1 1 0 1 1 1 1 1 1 0 0 1 0 0 1 0 0 1 1 1 1 0 1 1 1 1 1 1 1 0 1 1 1 0 1 1 1 1 0 0 0 1 1 1 0 0 1 1 0 1 0 1 1 1 1 1 1 0 1 1 1 0 0 0 1 0 1 0 1 0 1 0 0 1 0 1 1 1 1 1 0 1 0 0 1 1 1 0 1 0 1 0 0 1 1 1 1 1 1 1 0 0 1 1 1 0 0 1 1 0 1 1 0 1 1 1 1 1 1 1 0 1 0 1 1 1 1 1 0 1 0 1 1 0 0 1 1 1 1 0 0 1 0 0 1
0 1 1 0 0 1 0 1 0 1 1 0 1 0 0 0 0 0 1 1 1 0 0 0 1 1 0 0 0 0 0 1 1 1 0 1 1 1 1 1 0 1 1 1 0 1 0 0 0 1 1 0 0 1 1 1 1 1 1 1 0 1 0 0 1 1 0 0 1 1 0 0 1 1 1 1 1 1 0 0 0 1 1 0 1 0 0 0 0 1 1 1 1 0 1 1 0 1 1 1 0 1 1 1 0 1 1 0 1 0 0 0 1 1 0 0 0 1 1 0 0 0 0 1 1 1 0 1 1 0 1 0 0 0 0 1 1 1 0 0 1 1 0 1 1 1 0 1 1 0 1 0 0 0 1 1 1 0 0 1 0 1 1 0 1 1 0 1 0 0 1 1 0 1 0 0 0 1 0 1 0 0 1 1 1 0 1 0 0 0 1 1 0 1 0 1 0 1 1 1 1 1 1 1 1 1 0 1 0
1 1 1 1 1 1 0 0 1 0 0 0 0 1 1 1 1 1 1 1 0 1 0 1 1 0 1 1 0 0 1 0 0 0 1 0 0 0 0 1 1 0 0 0 1 1 0 0 1 1 1 1 1 1 1 1 0 1 1 1 1 1 1 1 1 1 0 0 0 1 1 1 1 1 1 0 1 1 1 1 1 1 1 0 0 1 1 1 1 1 1 1 1 1 1 1 0 1 1 1 0 0 0 1 0 1 1 1 1 1 1 1 1 1 0 1 1 1 1 0 0 1 0 1 1 1 0 1 1 1 0 1 0 0 0 1 1 1 0 0 0 0 1 1 0 1 0 1 0 0 1 1 1 1 1 0 0 1 1 0 0 1 1 1 1 1 0 1 1 1 1 1 1 1 0 0 1 0 0 1 1 1 1 1 0 1 1 1 1 1 1 0 1 1 1 0 1 0 1 0 1 1 1 1 0 1 0 0 0
1 1 1 0 1 1 1 1 1 0 0 1 0 1 1 1 0 1 0 1 0 1 1 1 1 0 1 0 1 0 0 0 1 0 1 1 1 1 1 1 1 1 1 1 1 0 0 1 1 0 0 1 1 0 1 1 0 1 0 0 0 1 1 0 1 1 1 1 1 1 1 1 1 1 1 1 1 1 1 0 0 1 1 1 1 1 1 1 1 0 1 1 1 1 0 0 0 1 0 1 1 0 0 1 0 1 1 1 1 1 0 1 1 0 0 1 1 1 1 0 0 1 1 1 0 1 0 0 1 1 0 1 1 0 1 1 0 1 0 1 1 1 1 1 0 1 0 0 1 1 1 0 1 1 1 0 1 1 0 1 1 0 0 0 1 1 0 1 1 1 1 0 1 0 1 1 0 1 1 1 0 1 1 0 0 1 1 0 1 1 0 0 0 0 1 1 1 0 0 1 1 0 1 0 1 0 1 0 0
1 1 1 1 1 1 0 1 0 0 1 0 1 1 1 1 1 1 0 1 0 0 1 1 0 1 0 1 1 0 0 0 0 1 0 1 1 1 1 1 1 1 0 1 1 1 0 1 0 1 1 1 1 1 1 1 0 1 1 1 1 1 0 1 1 1 0 1 1 1 1 0 0 1 1 0 1 1 1 0 1 1 1 1 0 1 1 1 1 1 1 1 1 1 1 1 0 1 0 1 0 1 1 1 1 1 0 1 0 1 1 1 1 1 0 0 1 1 1 0 0 1 1 1 1 1 0 1 1 1 0 1 1 1 0 1 1 1 0 1 1 1 0 0 1 1 1 1 1 1 0 1 0 1 1 1 1 1 0 0 0 1 1 1 1 1 1 1 0 1 0 1 1 1 1 1 1 1 1 0 1 1 1 0 0 0 1 0 1 1 1 1 0 0 1 0 0 1 1 0 0 1 1 1 1 1 0 0 1
1 1 1 1 1 0 1 1 1 0 0 1 0 1 1 1 1 0 1 1 0 1 1 1 1 1 1 0 0 0 1 1 1 1 0 1 1 1 1 1 1 1 1 1 1 1 0 1 1 1 1 0 1 0 1 0 0 0 1 1 1 1 0 0 0 1 0 1 0 1 0 1 1 1 0 1 1 1 1 1 1 1 1 0 0 1 1 1 1 1 0 1 0 1 0 0 0 1 0 1 0 1 1 1 0 1 1 0 1 1 1 1 1 0 0 0 0 1 1 1 0 0 1 0 0 1 1 1 1 0 0 1 1 0 0 1 1 1 1 1 0 1 1 1 1 0 0 1 0 0 1 0 0 1 1 1 1 1 0 1 1 1 1 1 1 0 0 1 0 1 1 1 0 0 0 0 0 1 1 1 0 1 0 1 0 1 1 0 1 0 1 1 1 1 1 0 0 1 1 0 0 1 1 1 1 0 0 0 1
1 1 1 1 1 1 1 1 0 1 1 1 1 0 1 1 1 1 0 0 1 1 1 0 0 0 1 1 1 1 1 1 0 1 1 1 0 0 1 0 0 1 1 1 0 0 1 0 0 1 1 0 0 0 0 0 1 1 0 0 0 1 1 1 1 1 0 1 0 1 0 0 1 1 1 1 1 1 0 1 1 0 1 0 1 0 0 1 1 1 0 0 1 0 0 0 1 1 1 0 1 1 0 1 1 0 1 1 0 0 0 0 0 1 0 1 0 1 1 1 1 0 1 1 0 0 0 0 1 0 1 1 0 0 0 1 1 0 1 0 0 0 0 1 0 1 1 0 0 0 1 0 1 1 1 1 1 1 0 0 0 1 0 0 1 1 1 0 0 1 1 1 1 0 1 1 1 1 1 1 1 0 1 0 0 0 1 0 0 1 0 0 1 1 0 0 1 0 0 1 1 1 0 1 0 0 1 0 1
1 1 0 1 0 1 0 0 0 1 1 1 1 1 0 1 0 1 1 0 0 1 0 1 0 1 0 1 0 0 1 1 1 1 0 1 1 0 0 0 1 1 0 1 0 0 0 1 0 1 1 1 0 1 1 1 0 1 1 1 0 1 1 0 0 1 0 1 1 1 0 0 1 1 1 0 0 1 0 1 0 1 0 0 0 1 0 1 1 0 1 0 1 1 1 0 0 1 1 1 0 0 0 1 1 1 1 1 1 1 1 0 1 1 0 0 1 0 1 0 0 0 0 1 1 1 1 0 0 0 0 1 1 0 0 1 1 1 1 1 1 1 1 0 1 1 1 1 0 0 1 0 1 1 1 1 1 1 0 0 1 0 1 1 1 1 0 0 0 1 1 0 1 1 1 1 1 0 0 0 0 1 1 1 0 1 1 1 1 0 1 0 1 1 1 1 1 1 0 1 1 0 1 0 0 1 0 0 0
1 1 1 1 1 1 0 0 0 1 1 1 1 1 1 0 1 1 0 1 1 1 0 0 1 0 0 1 1 1 1 1 0 0 1 1 1 0 0 1 0 0 1 1 0 1 0 1 0 1 1 0 0 1 0 1 1 0 1 1 1 1 1 1 0 0 1 0 0 0 1 0 1 1 1 0 0 0 1 0 1 0 1 1 0 0 1 1 1 1 1 0 0 1 0 1 1 1 1 1 1 1 1 1 1 1 0 1 0 1 0 1 1 1 1 0 1 0 1 0 1 0 0 1 1 0 0 0 0 0 1 1 0 1 1 0 1 1 0 0 0 1 1 1 1 1 0 0 1 1 1 0 1 1 1 0 0 0 0 1 0 0 0 0 1 0 1 0 1 1 1 1 1 0 1 1 0 1 1 1 1 0 0 0 0 0 1 1 1 1 1 0 1 1 0 0 1 0 0 1 0 1 0 1 0 0 0 1 1
1 0 0 1 1 1 1 1 0 1 0 1 1 1 0 1 0 1 0 1 0 0 1 1 0 1 0 1 1 0 1 0 0 0 0 1 1 1 1 1 1 0 1 0 0 1 1 1 1 0 0 1 0 0 1 0 0 0 0 0 1 1 1 0 1 1 1 1 1 1 0 0 1 1 0 1 1 0 1 0 1 1 1 0 0 1 0 1 0 1 1 0 0 1 0 1 1 0 1 1 1 1 0 1 0 1 1 0 0 0 1 1 1 1 0 0 1 1 0 0 1 1 1 1 0 1 1 1 0 0 1 0 1 1 0 1 1 1 1 0 0 1 1 1 1 0 0 1 0 0 1 1 1 0 1 0 1 1 1 1 0 0 1 1 1 1 1 1 1 1 1 1 1 1 1 1 0 1 1 1 1 1 0 1 0 1 1 0 0 0 0 1 0 1 1 0 1 1 0 1 1 0 1 1 0 0 1 0 0
1 0 1 0 1 0 1 1 0 1 1 1 0 1 1 1 1 0 0 1 1 1 1 0 0 0 0 0 0 1 1 1 0 0 1 1 0 0 1 0 0 1 0 1 1 0 1 0 0 1 0 0 0 0 0 0 1 0 0 1 1 0 1 1 1 0 0 1 1 0 1 0 0 1 1 0 0 1 1 1 1 0 1 1 0 0 1 1 1 1 1 0 1 0 0 0 0 0 1 1 1 1 1 1 1 0 0 1 0 0 1 1 1 1 1 1 0 1 1 0 1 0 1 1 1 0 0 0 1 0 1 1 0 1 1 0 1 1 1 0 0 0 0 1 1 0 0 0 0 1 0 0 1 1 1 1 1 0 0 0 0 0 0 0 1 1 1 0 0 1 0 0 1 0 1 0 0 1 0 1 1 0 0 0 0 0 0 0 1 1 0 1 1 1 0 0 1 0 0 1 1 1 0 1 0 0 1 1 1
0 0 1 0 1 1 1 1 1 1 0 0 1 0 1 0 0 0 0 0 0 0 0 1 0 1 0 0 0 0 0 0 1 1 1 0 0 1 1 1 1 0 1 0 0 1 1 0 1 0 0 1 0 1 1 1 1 1 1 1 1 1 0 1 0 0 0 0 0 1 0 1 0 0 1 1 1 0 0 0 0 1 0 0 0 0 0 0 0 1 1 1 0 1 1 0 0 0 1 0 0 1 0 0 0 1 0 1 0 1 0 1 1 1 0 0 1 1 0 1 0 0 0 0 1 1 1 1 1 1 0 0 1 0 0 1 0 1 1 1 1 1 0 0 1 1 0 1 1 0 1 0 0 0 1 1 0 0 0 0 1 1 1 0 1 0 0 1 0 0 1 1 0 0 1 0 0 0 0 1 0 0 1 1 1 0 1 1 0 0 0 0 0 1 0 1 1 1 1 0 0 0 1 0 1 1 0 0 0
1 1 1 0 1 1 1 1 1 1 1 1 1 0 0 1 1 1 0 0 1 1 0 1 1 0 1 0 1 0 1 1 1 0 1 0 1 1 1 0 1 1 1 0 1 1 1 1 1 1 1 1 0 1 0 1 0 1 1 1 1 0 1 1 1 0 1 1 1 1 0 1 1 0 1 1 1 1 1 1 0 1 1 1 0 1 1 1 1 0 1 1 0 1 1 1 0 1 0 1 0 0 0 0 0 1 1 1 1 1 1 1 1 1 0 1 1 1 1 0 1 1 1 1 1 1 1 1 0 0 1 0 1 1 0 0 1 1 0 0 1 1 1 1 1 1 0 1 1 1 0 1 1 1 0 1 1 1 1 0 1 0 1 1 1 0 1 0 1 1 1 1 0 0 1 1 1 0 0 1 0 1 1 0 0 1 0 1 0 1 0 1 1 1 1 0 1 1 1 0 1 1 1 0 1 1 1 0 0
1 1 1 1 1 1 1 1 1 0 0 0 0 1 0 1 0 1 0 1 0 1 1 0 1 0 0 1 1 0 0 0 1 1 0 0 1 1 0 1 1 0 1 1 1 1 1 1 1 0 0 1 1 1 1 0 0 1 1 1 1 1 1 1 1 1 0 1 1 1 0 1 1 1 1 1 1 1 1 1 0 0 1 1 1 1 1 1 1 1 0 0 1 1 1 1 1 0 0 0 0 1 1 1 1 1 1 1 1 1 1 0 1 0 0 1 1 0 1 1 1 1 1 1 1 1 1 1 0 1 0 0 1 0 0 1 1 1 0 0 1 1 0 1 1 0 0 1 1 1 1 1 1 1 1 1 1 0 0 1 0 1 0 1 1 1 0 0 1 0 1 1 1 1 1 1 1 1 1 1 1 1 0 1 0 1 1 1 1 1 0 1 1 0 1 1 1 0 1 1 1 1 1 1 1 1 0 0 0
0 1 0 1 1 1 1 0 0 1 1 0 1 1 1 1 0 1 0 1 1 0 1 0 1 0 1 1 1 1 1 1 0 1 0 0 0 0 1 0 0 1 1 0 1 1 1 1 0 0 1 0 0 1 0 0 1 0 0 0 1 0 0 0 1 1 1 1 1 1 1 0 1 0 1 1 1 0 1 0 1 0 1 0 0 0 1 1 1 1 1 0 1 1 0 1 1 0 0 1 1 0 0 1 1 0 1 1 0 0 0 0 1 1 1 1 0 1 0 0 1 0 1 0 1 0 0 0 1 0 1 1 0 0 1 1 1 1 1 0 0 0 1 1 1 1 0 0 1 0 0 0 1 1 1 0 0 1 1 0 0 0 0 0 0 0 1 0 0 0 1 0 1 0 1 1 0 1 1 1 0 0 0 0 0 1 1 1 1 1 1 1 1 1 0 0 1 0 0 1 1 0 0 0 0 0 1 0 0
1 1 1 1 0 1 0 1 0 0 1 1 1 1 0 0 1 1 0 0 1 1 0 0 1 0 0 1 1 0 1 1 0 1 1 0 1 0 1 0 0 1 1 1 0 0 1 0 0 1 0 0 0 1 0 0 0 0 0 1 1 1 0 1 0 1 1 1 1 1 1 0 1 0 0 1 0 0 1 1 0 0 1 1 0 0 1 1 0 1 1 0 0 0 0 0 1 1 1 0 0 1 1 1 1 0 1 1 0 1 1 1 0 1 0 0 1 0 0 0 1 0 0 1 0 0 0 0 1 0 1 1 0 1 1 1 1 1 1 0 0 0 1 1 0 1 0 0 0 1 1 1 1 1 1 1 1 0 1 1 0 0 0 0 0 1 1 0 0 1 0 1 1 0 0 0 0 0 1 1 1 0 0 0 0 1 1 0 1 1 1 1 1 0 0 0 0 0 0 0 0 1 0 1 0 0 1 1 0
0 1 0 1 1 1 1 1 0 1 1 1 1 0 1 0 1 0 1 1 0 0 0 0 1 1 1 1 0 0 0 0 0 1 1 1 0 0 0 1 1 1 0 1 1 1 1 0 0 1 1 1 1 1 0 1 0 1 1 1 0 1 1 1 1 0 0 0 1 1 0 0 0 0 0 1 0 0 1 1 1 1 1 0 1 1 1 0 1 0 0 1 1 1 1 1 0 1 1 0 0 1 0 0 1 0 1 0 0 1 1 1 1 0 0 0 1 0 0 1 0 0 1 1 1 0 1 1 0 1 0 1 1 0 0 1 0 1 1 0 1 1 0 1 1 1 1 1 0 0 1 0 1 1 1 0 1 0 0 1 1 1 0 0 0 0 0 1 0 1 0 0 0 1 1 1 0 1 1 1 0 1 1 0 0 0 1 0 0 0 1 1 1 1 1 1 0 1 0 1 0 0 1 1 0 1 0 0 0
1 1 0 1 0 1 1 1 1 1 1 0 1 0 0 1 0 0 0 1 1 1 1 1 0 1 1 1 1 0 1 1 1 0 0 0 1 1 1 1 0 0 0 1 1 1 0 1 1 1 0 0 0 1 1 0 0 1 0 0 1 1 1 0 0 1 1 1 1 1 1 1 1 0 1 1 0 1 1 1 1 0 1 1 1 1 1 0 1 1 1 1 1 1 1 1 1 0 1 1 1 0 1 1 1 1 1 1 0 1 1 1 0 0 1 1 1 0 1 1 0 1 1 0 0 1 0 1 1 0 1 1 1 1 1 1 1 1 0 1 0 0 1 1 1 1 1 1 0 0 0 1 1 1 0 0 0 1 0 1 0 1 0 1 1 0 1 0 1 1 0 1 0 0 1 1 1 1 1 1 0 1 1 1 0 1 1 0 1 1 1 1 1 1 1 0 0 1 1 1 1 1 0 1 0 0 0 0 1
0 1 1 0 1 1 1 0 1 0 0 1 1 0 1 0 1 0 1 0 0 0 0 1 1 0 1 1 0 0 0 1 0 1 1 1 1 1 1 1 0 1 1 0 1 0 1 0 0 0 1 0 1 1 1 0 0 1 1 1 1 0 1 1 0 1 0 0 1 1 1 1 0 1 1 1 0 0 1 0 1 1 1 0 1 1 1 1 0 0 0 0 1 0 1 1 0 1 0 1 0 1 1 0 1 0 1 1 1 0 1 1 0 1 0 0 0 1 1 1 0 0 0 0 0 0 1 1 1 1 1 0 1 0 0 1 1 0 0 0 1 1 0 0 1 0 1 1 0 0 1 0 1 1 1 1 1 1 0 1 0 1 1 1 1 0 0 0 0 1 1 0 0 1 1 1 0 1 1 1 0 0 0 0 1 1 1 1 0 0 1 1 1 1 0 0 1 1 0 1 1 1 1 1 1 1 0 0 0
0 1 1 1 1 0 1 1 0 1 1 0 1 1 0 0 0 0 0 1 0 1 0 1 1 1 0 1 1 1 1 1 0 0 0 1 1 1 1 1 0 0 0 1 0 0 1 1 1 1 1 0 0 1 0 0 0 1 0 1 1 1 0 0 0 1 1 1 1 1 1 0 1 0 0 0 1 1 1 1 0 0 1 1 0 0 0 1 1 1 1 0 1 1 0 1 0 1 0 1 1 0 1 0 0 1 1 0 0 1 1 1 1 1 0 1 0 0 1 0 1 1 1 1 0 0 0 1 0 0 0 1 0 1 1 1 0 1 1 0 0 0 1 0 1 0 0 0 1 1 0 1 0 0 0 1 0 1 0 1 0 0 0 0 0 1 0 0 1 1 1 1 1 1 0 1 0 1 1 0 0 1 0 1 0 1 0 1 0 1 1 1 1 1 1 0 1 0 1 1 0 1 1 1 0 0 1 0 1
1 1 1 0 1 0 1 1 0 1 0 1 0 1 1 1 1 0 0 0 1 1 1 1 1 1 1 0 1 0 1 0 1 1 1 1 1 1 0 0 1 1 1 0 1 1 0 1 0 0 1 1 0 1 0 0 0 1 0 1 1 1 1 1 1 1 1 0 1 0 1 1 1 1 1 1 0 1 1 1 1 1 1 1 0 0 1 0 1 0 1 1 0 0 1 0 1 0 0 1 1 1 1 1 1 0 1 1 0 1 0 1 1 1 1 1 1 1 0 1 0 1 1 0 0 1 1 1 1 0 1 1 1 1 0 1 1 0 1 1 0 1 1 1 0 1 1 0 0 0 1 1 1 1 1 0 0 1 1 0 0 1 0 0 1 1 1 0 1 0 0 1 1 1 1 1 0 1 1 1 1 0 1 1 0 1 1 0 1 1 1 1 0 0 1 0 1 1 0 0 1 1 1 1 0 0 0 1 1
1 1 1 1 1 0 1 1 0 0 1 1 0 1 0 1 1 0 0 1 1 1 1 0 1 0 1 1 0 1 1 1 0 0 1 1 1 0 1 0 0 1 0 0 1 1 1 1 0 0 1 0 0 1 0 0 1 0 0 1 1 1 1 1 0 1 1 1 1 1 1 0 1 0 1 1 0 1 0 1 1 0 0 1 0 0 1 0 0 0 1 0 0 1 0 1 1 1 1 0 1 1 1 1 1 0 0 1 0 0 1 1 1 1 0 1 1 1 1 0 1 1 0 0 1 0 0 0 1 0 0 1 0 1 1 1 0 0 0 0 0 1 1 0 1 1 0 0 1 1 0 0 1 1 0 1 1 1 0 1 0 0 0 0 0 1 1 0 1 1 0 1 0 0 0 1 0 0 1 1 0 0 0 0 1 0 0 1 0 0 0 0 1 1 0 0 0 0 0 1 1 0 0 0 0 0 1 1 1
1 0 0 0 0 0 0 0 0 0 0 0 0 1 0 1 0 1 0 0 0 1 0 0 0 0 1 0 1 0 1 0 0 0 0 0 0 0 0 0 0 0 0 0 0 0 0 1 0 0 0 0 0 0 0 1 1 0 0 0 0 0 0 0 0 0 1 1 0 0 0 0 0 0 0 0 0 0 0 0 0 0 0 0 0 0 0 0 0 0 0 0 0 0 1 0 0 0 0 0 1 0 0 0 0 0 0 0 1 0 0 0 0 0 1 1 0 0 0 1 1 1 0 0 0 0 0 0 0 0 0 0 0 0 1 0 0 0 0 0 1 0 1 0 0 0 1 0 0 0 0 0 0 0 0 0 0 0 1 0 1 1 0 0 0 0 1 0 1 0 0 0 1 0 0 0 0 0 0 0 0 0 0 0 0 0 0 0 1 1 0 0 0 0 0 0 0 0 0 0 0 0 0 0 0 0 0 1 1
0 1 0 1 1 1 1 1 0 1 0 0 1 1 1 1 1 1 0 1 0 1 1 0 1 0 1 1 1 1 0 1 0 1 0 1 1 0 1 0 0 1 0 1 1 1 0 0 0 1 0 0 0 1 0 0 1 0 0 1 1 1 0 0 0 1 0 1 1 0 0 0 1 1 1 0 1 1 1 0 1 0 1 1 0 0 1 1 1 1 0 0 1 0 0 0 0 1 1 0 1 1 1 0 1 0 0 1 0 1 0 0 1 1 0 0 1 1 1 0 1 0 1 1 1 0 0 0 0 0 0 1 0 1 1 1 1 1 1 0 0 1 1 0 1 0 0 0 1 0 1 1 1 1 0 1 1 1 1 1 0 0 0 0 1 1 0 0 1 1 1 1 1 0 0 1 0 0 1 1 1 0 0 0 0 0 1 1 1 0 0 1 1 1 0 0 1 0 0 1 1 0 0 1 0 0 1 1 1
0 1 1 0 1 0 0 1 1 0 0 0 1 1 1 1 0 1 0 1 0 1 1 0 1 1 1 0 1 0 1 0 0 1 1 1 0 0 0 1 1 0 1 1 1 1 1 1 1 1 1 0 0 1 1 1 0 0 0 1 1 1 0 1 1 1 0 1 1 1 1 0 0 1 1 1 1 1 1 0 1 0 0 1 0 0 0 1 1 1 1 0 1 1 0 1 1 0 1 1 1 1 0 1 1 0 1 1 0 0 0 1 0 1 1 1 1 1 1 0 1 0 0 1 1 1 1 1 1 1 1 1 1 1 1 1 1 1 1 1 0 0 0 0 1 1 0 0 1 0 0 1 1 1 1 1 1 0 1 0 0 0 0 0 1 1 0 1 1 0 1 1 1 1 0 0 1 1 1 1 1 0 1 0 0 0 1 1 1 1 0 1 0 1 0 1 1 1 1 1 1 1 1 1 1 0 0 0 1
0 1 1 0 0 0 0 1 1 0 1 0 1 0 1 0 0 0 1 1 1 0 0 0 1 0 0 1 0 0 0 0 0 1 1 1 1 0 1 0 0 1 1 1 0 0 0 0 0 0 0 1 0 1 0 0 0 0 1 1 1 0 0 0 1 0 0 0 1 1 0 0 1 1 1 0 0 1 0 0 0 0 1 0 0 1 1 0 0 1 1 1 1 0 0 1 0 0 0 1 0 0 1 0 1 1 0 0 1 1 0 0 0 1 0 0 0 0 1 1 0 0 1 0 0 0 1 0 1 0 0 0 1 0 0 1 0 1 0 1 0 0 0 1 1 1 1 1 1 0 1 0 0 1 1 0 1 1 0 0 0 1 1 0 1 1 0 1 0 1 1 1 0 1 0 0 0 0 0 1 0 1 1 1 0 0 1 1 0 0 1 0 0 1 1 0 1 1 0 1 0 1 1 0 0 1 0 1 0
1 0 1 0 0 1 1 0 1 0 0 1 1 1 1 0 0 0 1 0 1 1 1 1 0 1 0 1 0 0 1 1 1 0 0 1 1 1 1 1 1 1 0 0 1 1 1 0 1 0 1 1 1 0 1 1 0 1 1 1 0 0 1 1 1 1 0 0 0 1 1 1 0 0 1 1 1 0 1 0 1 0 1 1 1 0 1 1 1 1 1 1 1 1 0 1 1 0 1 1 1 0 0 1 1 1 1 1 1 1 1 1 1 0 0 1 1 1 1 0 1 1 1 1 0 1 1 1 0 1 1 1 1 0 0 1 1 1 1 1 0 0 1 1 1 1 0 1 1 0 1 0 0 0 1 1 1 0 0 1 1 1 1 1 0 0 1 0 1 0 0 1 1 1 1 1 0 1 0 1 1 0 0 1 0 1 1 1 1 0 1 0 1 1 0 0 1 1 0 0 0 0 1 0 1 1 0 0 1
1 1 0 1 1 1 0 0 0 1 1 0 0 1 0 1 0 1 1 1 0 0 1 1 0 1 0 1 1 0 0 1 1 0 0 1 0 0 1 1 1 0 1 0 1 1 1 0 0 0 0 0 1 0 1 0 0 0 1 1 0 0 1 1 0 1 1 1 1 1 1 0 1 1 1 1 1 1 1 1 0 1 1 0 1 1 0 1 1 1 1 1 1 1 0 1 1 0 1 1 1 0 1 1 1 1 1 1 1 1 0 1 1 1 0 1 1 1 1 0 1 1 1 1 1 1 0 1 1 1 1 0 0 0 0 0 0 1 0 1 1 0 0 1 1 1 0 1 1 1 1 0 1 1 0 1 1 0 1 0 1 1 1 1 1 1 0 1 0 1 1 1 1 1 0 1 0 1 1 1 1 0 1 1 0 1 1 1 1 1 0 0 1 1 1 1 1 0 1 1 1 1 1 0 1 1 0 0 1
1 1 1 1 1 0 1 0 1 0 1 1 1 1 1 1 1 1 0 0 0 0 0 1 0 1 1 1 1 0 1 1 1 1 1 0 1 0 1 0 0 1 1 1 1 1 1 0 1 1 1 1 0 1 0 0 0 1 0 1 1 0 1 1 1 0 1 1 1 0 1 0 1 1 1 1 0 1 1 1 1 0 1 1 0 0 0 1 1 1 1 0 1 1 1 1 1 1 1 1 1 0 1 1 0 0 0 1 0 1 1 0 0 1 1 1 1 1 0 1 1 1 0 1 0 1 1 1 1 0 1 1 1 1 0 1 1 1 1 1 0 1 1 0 1 1 1 1 0 1 1 1 0 1 1 1 0 1 1 1 0 1 0 0 1 1 1 1 1 1 1 1 1 1 1 1 1 0 1 1 1 1 1 1 0 1 1 0 1 1 1 1 1 1 0 0 1 1 0 0 1 1 0 1 1 0 0 0 1
0 1 1 1 1 1 1 0 1 0 1 1 1 0 1 1 1 0 0 1 1 0 1 0 1 1 1 1 1 0 1 0 1 1 0 1 0 1 1 1 0 0 1 0 0 1 1 1 0 1 1 1 1 0 0 1 0 1 0 0 1 0 1 1 1 1 1 1 1 0 1 1 1 1 0 1 1 1 0 1 1 0 1 1 1 1 1 1 0 1 1 1 1 0 0 1 0 1 1 1 1 1 1 1 1 1 1 1 1 1 1 0 1 0 0 1 1 1 0 0 1 1 1 1 0 0 1 0 1 0 0 1 0 1 1 1 1 1 1 1 1 1 1 0 1 1 0 0 1 1 0 1 1 1 1 1 1 0 1 1 1 0 1 1 0 1 0 1 1 1 1 1 1 1 0 0 1 1 1 0 1 0 1 1 0 1 1 1 1 0 1 1 0 1 0 0 1 1 0 1 0 0 0 0 0 0 0 0 1
0 1 1 1 0 1 1 1 1 0 1 1 1 0 0 0 1 0 1 1 1 0 0 0 1 1 1 1 0 0 0 0 0 1 0 0 1 0 1 1 1 1 1 1 1 0 1 0 0 1 1 0 1 1 0 1 0 0 1 1 0 1 1 1 1 1 0 0 0 1 0 1 1 1 0 1 1 1 0 1 0 0 1 0 1 0 1 1 1 1 0 0 0 1 1 1 0 1 1 0 0 1 1 1 0 0 1 1 1 1 1 0 1 1 0 0 1 1 1 1 0 0 1 1 1 1 1 0 1 1 1 0 1 0 0 0 0 0 1 0 1 1 0 1 1 1 0 1 0 0 1 0 0 0 1 0 1 1 0 0 1 1 1 1 0 1 0 1 0 1 0 1 0 1 0 1 1 1 0 1 0 1 1 1 1 1 1 1 0 0 0 1 1 1 0 1 1 1 0 1 0 1 1 0 0 0 0 0 0
0 0 1 1 1 1 1 1 1 0 1 1 1 1 0 0 1 1 1 1 0 1 1 0 1 1 1 0 1 0 1 0 1 1 1 1 1 1 0 1 0 0 1 1 1 1 1 1 1 1 1 1 1 1 1 1 0 1 1 1 1 0 1 1 1 0 1 1 0 1 0 0 0 1 1 0 1 1 1 1 0 1 1 0 1 1 1 1 0 0 0 0 1 0 0 1 1 1 0 1 1 1 1 0 1 0 1 1 1 1 0 0 0 1 0 1 0 0 0 0 1 1 1 1 1 1 0 1 1 1 1 1 0 1 0 1 0 0 1 1 1 1 1 1 1 1 0 0 0 0 1 1 1 1 1 0 1 1 0 1 0 0 0 1 1 0 0 0 1 0 1 1 0 1 1 1 1 1 0 1 1 1 0 1 0 1 1 0 0 0 0 0 1 1 0 1 1 0 1 1 1 0 1 0 1 0 0 0 1
0 1 1 0 1 1 1 0 1 1 1 1 1 0 0 1 1 0 1 0 1 0 0 1 1 1 1 0 0 0 0 1 0 1 1 0 1 1 1 0 1 1 1 0 0 1 1 0 1 0 1 0 0 1 1 1 0 1 1 0 1 1 0 0 1 1 0 0 0 1 1 1 1 1 1 1 0 1 0 1 0 1 1 0 1 0 1 1 1 1 1 1 1 1 0 1 0 0 0 0 0 1 1 1 1 1 0 1 1 1 1 1 1 1 0 0 1 0 1 1 0 0 0 1 1 1 1 1 1 1 1 1 1 0 0 1 1 1 0 0 0 1 0 1 0 1 1 1 1 0 1 0 1 0 1 1 0 1 0 0 1 1 1 1 1 0 0 1 0 1 1 1 0 1 1 0 1 1 0 1 0 1 0 1 1 1 0 1 0 0 0 1 0 1 1 0 1 1 1 1 1 1 1 0 0 1 0 0 0
0 1 0 1 1 1 1 1 0 1 1 1 1 0 1 0 1 0 1 1 1 0 0 1 0 0 0 1 0 0 0 1 0 1 1 0 0 1 0 1 0 1 0 1 1 1 0 0 0 1 1 1 1 1 0 1 0 1 0 1 1 0 1 1 1 0 0 0 1 1 1 1 0 1 1 1 0 1 1 1 0 1 1 0 0 1 0 0 1 0 1 0 0 0 1 0 0 1 1 1 0 1 1 1 1 1 1 1 0 0 1 1 0 1 0 0 1 0 1 1 0 0 1 1 0 1 1 1 0 1 1 1 1 0 0 1 1 1 1 1 0 1 0 1 0 1 1 1 0 0 0 0 0 1 0 1 1 1 0 0 0 1 1 0 1 0 0 1 0 1 0 1 0 1 1 0 0 1 1 0 0 1 1 1 0 1 1 1 0 0 1 0 1 1 0 1 1 1 0 0 1 1 0 1 1 1 0 0 0
0 1 1 1 1 1 1 1 1 0 1 1 1 1 1 0 0 1 0 1 0 1 1 1 0 1 0 1 1 0 1 0 1 1 0 1 0 1 0 1 1 0 1 1 1 0 0 1 1 1 0 1 1 1 0 1 0 1 0 1 1 1 1 1 0 1 1 1 0 1 0 1 1 1 1 0 0 1 1 1 1 1 1 0 0 1 1 1 0 1 1 1 1 1 0 0 1 1 1 0 0 1 1 0 1 1 1 0 1 0 1 0 1 1 0 1 1 1 1 1 1 0 0 0 1 1 0 1 1 1 1 1 1 0 0 0 1 1 1 1 1 1 1 1 0 1 1 1 0 1 1 1 1 1 1 1 1 1 1 1 1 0 0 1 1 1 0 1 1 1 0 0 0 1 0 1 1 1 1 1 1 0 1 1 0 1 0 1 0 1 1 0 1 1 1 0 1 1 0 0 1 1 0 0 1 1 0 0 1
1 1 0 1 1 1 0 1 1 0 1 0 1 1 0 1 1 0 1 1 1 1 1 0 0 1 0 1 0 0 0 1 1 0 1 1 1 1 1 1 0 1 0 1 1 0 1 1 0 1 1 0 1 1 1 1 0 0 1 1 1 1 0 1 1 1 1 0 1 0 1 1 1 1 1 1 0 0 0 1 0 1 1 1 0 1 1 0 1 0 1 1 0 1 0 1 1 0 1 0 0 1 1 0 1 1 1 1 0 1 1 1 0 1 0 1 1 0 0 0 0 0 1 0 1 1 0 0 0 1 1 1 1 1 1 1 1 1 0 1 1 1 1 1 1 1 1 1 1 0 1 0 0 1 1 1 0 1 1 1 1 1 1 0 1 1 0 0 0 1 1 0 0 0 1 1 1 1 1 0 0 1 0 1 0 1 0 1 1 0 0 1 1 1 0 1 1 1 1 1 1 1 1 0 1 0 0 0 1
1 1 0 1 0 0 1 1 1 0 1 1 1 1 1 1 0 1 0 0 1 0 1 1 1 0 1 0 0 0 1 1 1 0 0 1 0 1 1 0 1 1 1 0 1 1 1 0 1 1 0 0 0 1 1 0 0 0 0 1 1 0 0 1 0 0 1 1 0 1 1 1 1 1 0 0 0 0 1 0 1 1 0 1 1 1 1 0 1 1 1 1 1 1 1 1 1 1 1 0 1 0 1 0 1 1 1 1 0 0 1 1 0 1 1 1 0 1 0 0 1 1 1 1 0 1 1 0 0 0 0 0 1 1 0 1 1 1 1 1 0 1 1 1 1 1 0 1 0 1 0 1 1 0 1 0 0 0 0 0 0 0 0 1 0 1 1 1 0 1 0 1 1 0 0 1 1 0 1 1 0 0 0 1 0 1 1 0 0 0 1 0 1 1 1 0 1 0 1 1 1 1 0 1 1 0 0 0 1
1 1 1 1 1 1 0 0 0 1 1 1 1 0 0 0 0 1 0 1 1 1 0 1 1 1 0 1 1 0 1 1 0 1 1 1 0 1 1 0 1 1 1 1 0 1 0 1 1 1 1 1 0 1 0 0 0 1 0 0 1 1 0 1 0 0 0 1 0 0 1 0 1 0 1 1 1 1 1 1 1 0 1 1 1 0 1 1 0 1 1 1 1 1 0 1 1 1 0 0 0 0 1 1 1 0 1 1 0 1 0 0 1 0 0 0 0 1 1 1 1 0 0 1 1 0 1 1 1 0 1 1 0 0 1 1 1 1 0 1 0 1 1 1 1 0 0 1 1 1 1 1 0 1 1 1 1 0 1 0 0 1 0 0 1 1 1 1 1 0 1 0 0 0 1 0 0 0 1 1 1 1 1 1 0 0 1 0 0 1 1 1 0 1 1 0 0 0 0 1 1 1 0 0 0 0 1 1 1
1 1 0 0 1 0 0 1 1 1 0 1 1 0 0 1 1 0 1 1 1 1 0 1 1 0 0 1 1 0 1 1 0 1 1 1 1 0 1 1 1 0 0 1 1 0 1 0 0 0 1 1 1 1 1 1 0 1 0 1 1 1 1 0 1 1 0 1 1 1 1 0 0 1 1 0 1 1 0 1 1 1 0 1 0 1 1 1 1 1 1 0 0 0 1 0 1 0 1 0 1 1 1 0 0 1 0 0 0 1 0 0 1 1 0 1 0 0 1 0 1 1 0 1 1 1 0 1 1 1 1 1 1 0 0 1 1 1 1 0 1 1 1 1 1 1 1 1 1 0 0 0 1 1 1 0 1 1 1 1 0 1 1 0 0 1 1 0 0 1 0 0 1 1 1 1 1 0 1 1 0 0 0 1 0 0 0 0 0 0 1 1 1 1 1 1 0 1 0 0 1 1 1 0 0 1 0 0 1
0 1 1 1 1 0 1 1 0 0 0 0 0 1 0 0 1 1 1 1 1 1 1 1 0 1 1 0 1 0 0 1 0 1 1 1 1 1 1 1 0 0 1 1 0 1 0 1 1 1 1 1 1 1 1 1 0 1 1 1 1 1 1 1 1 1 0 1 1 0 1 1 1 1 1 1 0 1 1 1 1 1 1 0 1 1 1 1 1 0 0 1 0 1 1 1 1 0 1 0 0 0 0 1 1 0 1 1 1 1 0 1 0 1 0 1 1 1 0 1 1 0 1 1 1 1 1 1 1 0 1 0 1 0 0 1 1 0 1 0 0 1 1 0 0 1 1 0 1 1 1 1 1 1 1 1 1 1 1 1 0 0 1 1 1 1 0 0 0 0 1 0 1 0 1 1 1 0 0 1 1 1 1 0 0 0 1 1 1 1 1 0 1 0 1 1 1 1 1 1 1 1 1 1 1 0 0 0 1
1 1 0 1 1 0 0 1 0 0 1 1 1 0 1 1 1 0 0 1 1 1 0 0 1 0 1 1 1 1 0 1 0 0 0 0 1 0 1 0 0 1 1 0 1 0 1 0 0 1 1 0 0 1 0 0 0 1 0 1 0 0 1 1 1 1 1 1 1 0 1 0 1 0 1 1 1 1 0 0 1 0 1 1 1 0 0 1 1 1 0 1 0 1 0 1 0 1 1 0 1 0 1 1 1 0 1 0 0 0 1 1 1 0 1 0 0 0 1 1 1 0 0 1 1 0 0 0 0 0 1 0 0 1 1 0 1 0 0 0 0 1 1 0 1 0 1 0 0 1 1 1 1 1 1 0 1 1 1 0 0 1 0 0 0 0 0 0 1 1 1 0 1 0 1 1 0 0 1 1 1 0 1 0 0 1 1 0 1 1 1 1 1 0 0 0 0 0 0 1 1 1 0 0 1 0 1 1 1
0 1 0 1 0 0 0 1 0 1 1 0 1 0 0 0 1 0 1 1 1 0 0 0 1 0 1 0 0 0 0 1 0 1 0 1 0 0 1 1 0 1 0 1 1 0 1 0 0 1 1 0 1 0 1 1 0 1 0 1 1 1 0 0 1 0 0 0 0 0 1 1 0 1 0 0 1 1 1 1 0 0 1 0 1 1 0 1 0 1 1 1 0 1 1 0 0 1 1 1 0 1 1 1 1 0 1 0 1 0 0 0 1 0 0 0 1 1 1 1 0 0 1 1 0 1 1 1 0 1 0 1 1 0 0 0 0 1 0 0 1 1 0 1 1 1 1 1 1 0 1 0 1 1 1 1 1 1 0 1 1 1 1 1 1 1 0 1 0 1 1 0 0 1 1 0 0 0 1 1 0 1 1 1 1 1 0 1 0 0 1 1 0 0 1 1 0 1 1 1 0 1 1 0 1 1 0 0 0
0 0 0 1 0 0 0 1 1 1 0 1 1 1 1 1 0 1 0 1 0 0 1 1 1 0 1 0 0 0 1 1 0 0 0 1 1 1 1 0 1 1 1 1 1 0 1 1 1 0 1 1 0 1 1 0 0 1 1 1 1 1 0 0 1 0 1 1 1 1 1 1 1 1 0 1 1 1 1 0 0 1 0 1 0 0 1 1 1 1 1 1 1 1 1 1 1 1 1 0 1 1 1 1 0 1 1 1 1 0 1 1 1 1 0 1 0 1 0 0 0 1 0 1 0 1 1 0 1 1 1 1 0 1 0 1 1 1 1 1 0 0 1 1 1 0 0 1 1 1 0 1 1 1 1 1 1 0 1 1 1 0 1 1 0 0 1 0 1 1 1 0 1 1 1 1 1 1 1 1 1 0 0 1 0 1 0 1 0 1 1 1 1 0 0 1 1 0 1 1 0 0 1 0 1 1 0 0 1
1 1 1 0 1 1 1 1 1 1 0 1 1 1 1 1 0 0 0 1 0 1 0 1 0 1 1 1 1 0 0 1 0 1 0 1 1 1 1 1 1 0 1 0 1 1 1 1 1 1 0 1 1 1 1 1 0 0 0 0 1 1 1 1 1 1 1 0 0 1 1 1 0 0 1 0 1 0 0 1 1 1 1 1 0 1 0 1 1 0 1 0 1 1 0 1 0 0 0 0 0 1 1 1 1 1 1 1 1 1 1 1 1 1 0 0 1 0 0 1 1 0 0 0 1 1 0 1 1 0 1 0 1 0 0 1 1 1 1 1 0 0 1 1 0 0 0 0 1 1 1 0 1 1 1 0 1 1 1 0 0 1 1 1 0 1 0 1 0 1 0 1 0 1 1 1 1 1 0 1 1 1 1 1 0 1 1 1 1 1 1 0 1 1 0 1 1 0 1 1 1 0 1 1 1 1 0 0 1
0 1 0 1 0 1 1 0 0 1 1 1 0 0 1 0 1 0 1 1 1 0 0 1 0 0 0 1 0 0 0 0 1 1 0 1 1 0 1 0 1 1 0 0 1 1 1 0 0 1 1 0 1 1 0 0 0 1 1 1 1 0 1 0 1 1 0 0 1 0 0 1 1 0 0 0 0 0 0 1 1 1 1 0 1 1 1 0 1 0 1 0 1 1 1 1 0 1 0 1 0 1 1 0 1 0 0 1 1 0 1 1 0 1 0 0 1 1 0 1 0 0 0 1 1 1 0 1 1 1 1 1 1 0 0 1 1 1 0 1 1 1 0 1 1 1 0 1 1 0 1 0 0 0 1 1 0 1 0 1 1 1 1 1 0 1 0 1 0 1 1 0 1 0 1 1 1 1 1 1 0 1 1 1 1 1 1 1 0 0 1 1 1 1 1 1 1 0 1 1 1 1 1 0 1 1 0 0 0
0 0 0 0 1 0 1 1 0 1 1 1 1 0 0 0 0 0 0 0 1 0 0 1 0 1 0 0 0 0 0 0 0 1 1 0 1 1 1 0 1 1 1 0 0 1 1 0 1 0 1 1 0 1 1 0 0 1 1 0 1 1 0 1 1 0 0 0 1 0 0 1 1 1 1 0 1 0 0 0 0 0 1 0 0 0 1 0 0 0 0 1 0 0 1 1 0 0 1 0 0 1 1 0 1 0 0 1 1 1 0 1 1 0 0 0 1 1 1 1 0 0 0 1 1 1 1 1 1 1 1 0 1 0 0 1 1 1 1 1 1 1 0 1 1 1 1 1 0 0 1 0 0 1 1 0 0 1 0 0 0 0 1 1 1 1 0 1 0 1 1 1 0 0 1 0 1 1 0 1 0 1 0 1 1 1 1 0 0 0 0 0 0 1 1 1 1 0 1 1 0 1 1 0 1 1 0 1 0
0 1 1 1 1 1 0 0 1 1 0 1 0 0 1 1 0 0 1 1 1 1 1 1 1 1 1 1 1 0 1 1 1 0 0 1 0 1 1 1 1 1 1 1 1 1 1 1 0 1 1 1 1 0 1 1 0 0 0 0 1 0 0 1 1 0 1 0 0 0 1 1 1 1 0 1 1 1 1 1 1 1 1 0 1 0 0 1 0 1 1 1 1 1 1 1 1 1 0 1 0 1 0 1 0 0 1 1 1 1 1 1 0 1 0 1 0 1 1 0 1 1 1 0 0 1 1 1 1 1 0 1 0 0 1 1 0 1 1 1 0 1 0 1 1 1 0 0 1 0 0 1 1 0 0 0 1 1 0 1 1 1 1 0 1 0 0 1 1 1 0 0 1 1 0 0 1 1 1 0 1 0 0 1 0 1 1 1 1 1 1 1 0 1 0 1 1 1 0 1 1 1 1 0 1 1 0 0 1
0 1 1 1 1 0 0 0 1 1 1 1 1 0 1 0 1 0 1 0 1 0 0 0 1 1 0 0 0 0 0 1 0 1 1 0 0 0 1 1 0 0 1 1 0 1 1 0 1 1 1 0 1 1 0 1 0 1 0 1 1 1 0 1 1 1 0 0 1 0 1 0 0 1 1 0 1 1 1 1 0 1 1 0 0 1 1 0 1 1 1 0 0 1 1 1 0 0 1 1 0 1 1 1 1 1 1 1 1 0 1 1 0 0 0 0 0 0 1 1 0 0 1 1 1 0 0 1 1 1 1 1 0 0 0 1 0 1 1 0 1 1 0 1 1 1 1 0 0 0 0 0 1 0 1 1 0 0 0 0 1 0 1 0 0 1 0 0 0 1 1 1 0 1 0 1 1 1 0 1 0 1 1 1 1 0 1 1 0 0 0 1 0 0 1 1 1 1 0 1 1 0 0 1 1 0 0 0 0
0 0 1 0 0 1 1 1 1 1 1 1 0 0 1 1 0 0 1 1 0 0 0 1 0 0 0 0 0 1 0 1 0 1 0 0 1 1 1 1 1 1 1 0 0 1 1 0 1 0 1 0 0 1 1 0 1 0 1 1 1 0 0 0 1 1 0 0 1 1 1 0 0 1 1 0 0 0 0 0 0 1 1 0 0 1 1 1 0 0 1 0 0 1 0 1 1 0 1 1 0 1 1 1 1 1 0 0 1 1 1 1 0 1 0 0 1 1 1 1 0 0 0 1 1 1 1 1 1 0 1 1 1 0 0 1 0 1 0 1 1 1 0 1 1 1 1 0 0 0 1 0 0 1 0 1 1 1 0 1 0 0 1 1 0 0 0 1 0 0 0 1 0 0 1 0 1 1 0 1 0 1 0 1 1 1 1 1 0 0 0 0 0 0 0 0 1 0 1 1 0 0 1 0 1 0 0 1 0
0 0 0 0 0 0 0 0 1 0 0 0 0 1 0 1 0 1 1 0 0 1 0 0 0 0 0 0 1 1 1 0 0 0 0 0 0 0 0 0 0 0 0 0 0 0 0 0 0 0 0 0 0 0 0 1 0 0 0 0 0 0 0 0 0 0 0 0 0 0 0 0 0 0 0 0 0 0 0 0 0 1 0 1 0 1 0 1 0 0 0 0 0 0 1 0 1 0 0 0 1 0 0 0 0 0 0 0 0 0 0 0 0 0 1 0 0 0 0 1 1 1 0 0 0 0 0 0 0 1 0 0 0 0 1 0 0 0 0 0 0 0 0 0 0 0 1 0 0 1 0 0 0 0 0 0 0 0 1 0 1 1 1 0 0 0 0 0 1 0 0 0 0 0 0 0 0 0 0 0 0 0 0 0 1 0 0 1 1 1 0 0 0 0 0 0 0 0 0 0 0 0 0 0 0 1 1 1 0
0 1 1 0 1 1 0 1 1 1 1 1 0 1 1 0 0 0 1 1 1 0 0 1 1 1 1 1 0 0 0 0 0 1 0 1 1 0 1 1 1 1 0 0 1 1 1 1 1 1 0 1 1 0 1 0 0 0 1 1 1 1 1 0 0 0 0 0 1 0 1 1 1 1 1 0 1 1 1 1 0 0 1 0 1 0 1 0 0 0 1 0 1 1 1 0 0 1 1 1 0 0 1 1 1 1 0 1 1 1 0 0 1 1 0 0 0 1 0 0 0 0 1 1 1 0 1 1 1 0 1 1 1 0 0 1 1 0 1 1 1 0 1 1 1 1 0 0 0 0 0 0 1 1 1 1 0 1 0 1 1 1 1 1 0 1 0 0 0 0 1 0 1 0 1 0 1 1 1 0 0 0 1 1 0 1 0 1 0 0 0 1 0 1 0 1 1 1 0 1 1 1 0 1 1 1 0 0 0
0 0 1 0 1 0 1 1 1 1 0 1 1 0 1 1 0 0 1 1 1 0 0 1 0 1 0 0 0 0 0 0 1 1 1 0 0 1 1 1 0 0 1 0 0 0 1 0 0 1 0 1 1 0 0 1 0 1 0 1 1 0 0 1 0 1 0 0 1 1 1 1 1 0 1 0 1 0 0 0 0 0 1 0 0 1 0 0 0 1 1 1 0 1 1 0 0 0 1 1 0 1 1 1 1 1 0 1 0 1 0 1 0 0 0 0 1 0 0 1 0 0 0 1 0 1 1 1 1 1 1 0 1 0 1 0 1 1 1 1 0 0 0 1 1 1 1 1 0 0 0 0 0 1 0 1 1 1 0 1 1 1 1 1 0 0 0 0 1 0 0 1 0 1 0 0 0 0 0 0 0 1 0 1 1 1 1 1 0 0 0 0 0 0 1 1 0 1 0 0 0 1 0 0 0 1 1 0 0
1 1 1 0 1 1 1 0 1 1 0 1 1 0 1 1 0 1 1 1 1 0 1 1 0 1 1 1 1 0 1 1 1 1 1 1 0 1 1 0 1 1 1 1 0 1 1 1 1 1 0 1 0 0 1 1 0 1 1 0 1 1 1 1 1 1 0 1 1 1 1 1 1 1 1 0 0 1 1 1 1 0 1 0 1 1 1 1 0 0 1 0 1 0 1 1 0 1 1 1 0 0 1 0 0 1 1 0 1 0 0 1 1 1 0 0 0 1 0 1 1 0 0 0 1 1 1 1 1 1 1 1 1 0 0 0 1 0 1 1 1 0 0 0 1 1 1 1 1 0 1 0 1 1 0 0 1 1 0 0 0 1 0 0 0 1 0 1 0 0 1 1 1 1 1 1 0 1 1 0 0 1 0 1 0 1 1 1 1 0 1 0 1 1 1 1 1 0 1 1 1 1 1 1 1 1 0 0 0
0 1 1 1 1 1 1 0 0 1 0 1 1 0 0 1 1 1 1 1 1 1 1 0 1 1 1 1 1 0 1 1 1 0 0 1 1 0 1 1 1 1 1 1 1 1 1 0 1 1 1 1 1 1 1 1 0 1 1 1 0 1 1 0 1 1 1 1 1 0 0 1 1 1 1 1 0 0 1 1 1 0 1 1 1 0 1 1 1 1 1 1 1 1 0 0 1 1 1 0 0 0 1 1 0 1 1 0 0 0 1 1 1 1 0 1 1 0 1 0 1 1 1 1 0 1 1 0 0 1 0 0 1 1 1 0 1 1 1 0 1 1 0 1 1 1 0 1 1 1 1 1 0 1 1 0 1 1 0 1 1 0 1 1 1 1 1 1 1 0 1 1 0 1 1 1 1 0 1 1 1 1 0 0 0 1 1 1 1 1 1 1 1 0 1 1 1 1 0 1 1 1 1 0 1 1 1 0 1
1 1 0 1 1 0 1 1 1 1 1 1 1 1 1 1 1 0 1 0 1 0 1 1 1 0 1 1 1 0 1 1 0 0 0 0 0 1 0 1 0 1 1 0 1 1 1 0 1 1 1 0 1 0 1 0 0 1 0 1 1 0 1 1 0 1 1 1 1 0 1 0 1 1 0 0 1 1 1 1 0 1 1 1 1 1 0 1 1 1 0 0 1 0 1 1 0 1 1 1 0 0 1 1 1 0 1 0 1 0 1 1 0 1 0 1 1 1 1 1 1 1 1 0 1 1 1 0 0 1 1 1 1 1 0 0 1 1 0 1 1 1 1 1 1 1 0 1 1 1 1 1 1 0 1 1 1 1 0 1 1 1 0 1 1 1 1 1 1 0 1 1 1 1 1 1 1 1 0 1 1 1 1 1 0 0 1 0 1 1 0 1 1 1 1 1 1 0 1 0 1 1 1 1 1 1 0 0 0
1 1 1 1 1 0 1 1 0 1 1 0 0 1 1 1 1 1 0 1 1 0 0 1 1 1 0 1 1 0 0 0 0 1 1 1 1 1 1 0 1 1 0 0 0 1 1 1 0 0 1 1 0 0 0 0 0 1 0 1 1 1 0 1 1 1 0 0 1 1 1 0 1 1 1 1 0 1 1 1 0 0 0 1 1 0 1 0 0 1 1 0 0 0 0 1 0 0 1 1 1 0 0 1 1 0 1 1 0 0 1 0 1 1 0 0 1 1 1 1 0 0 1 0 0 0 1 1 1 0 1 1 0 1 1 1 1 1 0 1 0 1 1 1 1 1 0 1 1 1 0 1 1 0 1 1 0 1 1 0 0 0 0 0 1 1 0 1 1 1 0 1 1 0 1 0 0 1 1 1 1 0 0 1 0 1 0 1 1 1 1 0 1 1 1 0 0 0 0 0 0 1 0 1 1 0 1 0 0
1 1 1 1 1 1 1 1 0 1 0 1 0 1 0 1 0 1 1 1 1 0 1 1 0 1 0 1 1 0 0 1 0 1 1 1 1 1 1 0 1 1 1 1 1 0 1 1 0 0 1 0 1 1 1 0 0 0 1 1 0 1 1 0 1 1 1 1 0 1 1 1 0 1 1 1 0 1 1 1 0 1 1 1 1 1 1 0 0 1 1 1 1 1 1 1 1 1 0 1 1 1 1 0 1 1 0 1 1 1 1 1 1 1 0 1 1 1 1 1 1 1 1 1 1 1 0 1 1 0 1 0 1 0 1 0 1 1 1 1 0 1 1 1 0 1 1 1 1 1 1 1 0 1 1 1 1 1 0 1 0 1 1 1 1 0 1 0 0 1 0 1 1 0 1 1 0 0 1 1 1 1 0 0 0 1 1 1 1 1 1 0 1 1 1 1 1 0 1 1 1 1 1 0 1 1 0 0 0
1 1 1 1 1 1 1 1 1 1 1 1 0 1 0 0 1 1 0 1 1 1 0 1 0 0 0 1 0 0 0 1 1 1 0 1 1 1 1 1 1 0 1 0 0 1 1 1 1 1 1 1 1 1 1 1 0 0 0 1 1 0 1 1 0 1 0 1 1 0 0 0 1 1 0 0 0 0 0 1 1 1 1 1 0 1 0 1 1 1 1 1 1 0 0 1 1 0 1 1 1 1 1 1 1 0 0 1 1 1 1 1 1 1 0 1 0 0 1 1 1 1 1 1 1 1 1 0 0 0 0 1 1 1 0 1 1 1 1 1 1 0 0 1 0 1 1 1 0 1 1 1 1 1 1 1 1 1 0 1 1 1 0 1 0 0 0 0 1 1 1 1 0 0 1 1 1 1 1 0 0 1 1 1 0 1 1 0 1 1 0 1 1 0 1 1 1 1 1 1 1 1 0 1 1 1 0 0 1
1 1 1 1 0 1 0 1 1 1 1 1 1 1 1 0 1 0 0 0 1 1 1 0 1 1 1 1 1 0 1 1 0 1 1 0 1 1 0 1 0 1 1 0 0 1 1 1 0 0 1 1 0 0 1 1 0 0 1 1 1 1 1 1 1 0 1 1 1 0 1 1 1 0 0 1 1 1 1 1 0 0 1 1 0 0 1 1 1 1 0 0 0 1 0 0 0 1 1 0 0 1 1 1 1 1 0 1 1 1 1 0 1 1 0 0 1 1 0 0 1 1 1 0 1 1 1 1 1 1 0 1 0 0 0 1 1 0 0 0 0 0 0 1 0 1 1 1 1 0 1 0 1 0 1 1 1 0 1 0 1 1 0 1 1 0 1 1 1 1 1 0 1 1 1 1 1 1 1 1 1 1 1 1 0 1 0 1 0 1 1 1 1 1 0 1 1 0 1 1 1 0 1 0 1 1 0 0 0
1 1 1 1 0 1 1 0 0 0 1 0 0 0 0 1 1 0 0 1 0 1 1 0 1 0 1 1 1 1 0 0 0 0 1 1 1 0 1 0 0 1 1 1 0 0 0 1 0 1 1 0 0 1 0 0 0 0 0 0 1 1 0 1 0 1 0 1 1 1 1 0 0 0 1 1 0 1 0 0 1 0 1 1 0 0 1 0 0 0 0 0 1 1 0 0 1 1 1 0 0 1 0 1 1 0 1 0 0 0 1 0 0 0 1 1 1 0 0 0 0 1 1 0 1 0 0 0 1 0 0 1 0 1 1 1 0 0 1 0 0 0 1 0 0 0 0 0 0 1 1 1 1 1 0 1 0 1 1 1 0 0 0 0 1 1 1 0 0 1 1 1 1 0 1 0 0 1 1 0 1 0 0 0 1 1 1 0 0 1 1 1 0 1 0 0 1 0 0 0 0 1 0 1 0 0 0 1 1
1 1 1 0 0 0 1 1 0 0 1 1 1 1 1 0 1 1 0 1 1 1 1 0 1 0 1 0 1 1 1 1 0 0 1 1 1 0 1 0 0 1 0 1 1 1 1 1 0 1 0 0 0 0 0 0 0 0 0 1 1 1 0 1 1 1 1 0 1 1 1 0 1 1 0 0 1 1 0 1 0 0 1 1 0 0 0 0 1 0 0 0 1 1 0 1 0 0 1 1 0 1 1 0 1 0 0 1 0 1 1 1 1 0 0 1 1 1 1 0 1 0 1 1 1 0 0 0 1 0 1 1 0 1 1 1 1 1 1 0 0 1 1 1 1 1 0 0 0 1 0 1 1 0 1 1 1 1 1 0 0 0 1 0 0 1 1 0 1 1 1 1 1 0 1 1 0 1 1 1 1 0 0 0 0 1 0 1 1 1 0 1 0 1 0 0 1 0 0 1 1 1 0 0 0 0 1 0 1
0 1 1 1 0 0 1 1 1 0 1 1 0 0 1 0 1 1 0 1 1 1 1 1 1 1 1 1 1 0 1 1 1 0 1 1 1 0 0 0 1 0 1 0 0 1 1 1 0 1 0 1 1 0 1 1 0 1 1 1 1 1 1 0 1 1 1 1 0 1 1 1 1 0 1 1 1 1 0 0 1 0 1 1 1 1 0 0 0 1 1 1 0 0 1 1 1 1 1 1 0 0 0 0 1 1 1 0 1 1 1 0 1 0 0 0 0 0 0 0 1 1 1 0 1 1 1 1 1 0 0 1 1 0 0 1 1 1 1 1 0 1 1 1 1 0 1 1 1 0 0 1 1 1 1 1 1 1 1 1 1 1 1 1 1 0 0 1 0 1 1 1 1 1 1 0 1 1 1 0 1 1 1 1 0 1 1 1 1 1 1 1 1 1 0 1 1 1 1 0 1 0 1 0 1 1 0 0 0
1 0 0 0 1 0 0 1 1 1 1 1 1 1 1 0 1 0 1 1 1 1 1 1 1 1 1 0 1 0 0 1 1 1 1 0 0 1 1 1 1 1 0 1 0 1 0 0 0 1 1 0 0 0 0 1 0 0 1 1 0 0 1 1 0 0 1 1 1 0 1 0 1 0 0 0 1 0 1 1 0 1 0 0 0 1 1 1 1 0 1 0 1 1 1 0 0 1 0 1 0 0 1 0 0 0 1 1 1 1 0 1 0 0 0 1 0 0 0 0 1 1 1 0 1 0 0 1 1 1 1 1 0 1 1 1 1 1 1 1 1 1 1 0 1 0 0 1 1 1 0 0 0 0 1 1 1 0 1 1 1 0 1 1 0 0 1 0 0 1 1 0 1 1 1 1 1 1 0 1 1 1 1 0 0 1 0 1 0 1 1 1 0 0 0 0 0 1 1 1 0 1 1 0 1 0 1 0 1
1 1 0 1 1 0 1 1 0 1 1 1 0 0 0 1 0 1 0 0 0 1 1 0 1 1 1 1 1 0 0 1 0 1 1 1 1 0 0 1 1 0 1 1 1 1 1 1 1 1 1 0 0 1 1 1 0 1 1 1 0 1 1 1 0 1 1 1 1 1 0 0 1 0 1 1 1 1 0 1 0 0 1 1 0 1 1 1 1 1 1 0 1 1 0 1 1 1 1 0 1 0 1 1 1 0 0 1 0 1 0 1 1 1 1 1 1 1 1 0 0 1 1 1 0 1 1 0 1 0 0 1 1 0 0 0 0 1 1 0 1 1 1 0 0 0 0 0 1 0 1 1 0 1 1 1 0 0 1 1 0 0 0 1 1 1 1 1 1 1 1 0 0 0 1 1 0 1 0 0 0 0 0 1 0 1 1 1 1 1 1 1 1 0 0 1 1 1 1 1 0 1 1 0 1 0 0 0 1
0 0 0 0 0 0 0 1 0 1 1 0 1 0 0 0 0 0 1 1 1 0 0 0 1 1 0 1 0 0 0 0 0 1 0 0 1 1 0 1 1 1 1 1 0 0 1 0 1 1 1 1 1 1 0 0 0 1 1 1 1 0 0 1 0 1 0 0 1 0 0 0 1 0 0 1 1 1 0 0 0 0 1 0 1 1 0 0 0 1 1 1 1 0 1 0 0 0 1 1 0 1 1 0 1 1 0 1 1 0 0 1 1 0 0 0 1 0 1 0 0 0 1 1 1 1 1 0 0 1 1 0 1 0 0 0 0 1 1 1 1 1 0 1 1 1 1 1 1 0 1 0 1 1 1 1 1 1 0 0 0 1 1 1 0 1 0 0 0 0 1 1 0 1 1 0 1 1 0 1 0 1 0 1 0 1 1 1 0 0 0 0 0 0 1 0 1 1 0 0 0 1 0 0 1 0 0 0 0
1 1 1 0 1 1 1 1 1 1 1 0 1 1 1 1 1 0 0 1 1 1 1 0 1 0 1 1 1 0 1 0 1 0 1 1 1 1 0 1 0 1 1 1 1 0 1 1 0 1 0 1 1 1 0 0 0 1 1 1 1 1 1 0 1 1 0 1 1 1 1 1 0 1 1 0 0 1 1 1 0 0 0 1 1 1 1 1 1 1 1 1 1 1 1 0 1 1 0 1 0 1 0 0 0 0 1 1 0 1 1 1 0 1 0 1 1 1 1 1 1 1 0 1 1 1 1 0 1 1 0 0 0 0 1 0 1 0 0 1 0 0 0 0 1 0 1 1 0 0 1 1 0 1 0 1 1 1 1 1 1 0 1 0 1 1 1 1 0 0 0 0 1 0 1 1 1 1 1 1 1 1 0 1 0 1 1 1 1 1 1 1 1 0 0 1 1 1 0 1 1 1 1 1 1 1 0 0 0
0 1 1 0 1 1 1 0 1 1 1 1 1 1 1 1 1 1 0 0 1 0 0 0 0 1 0 1 0 0 1 1 1 0 1 1 1 1 1 1 1 1 1 1 0 1 1 0 1 1 0 0 1 1 1 1 0 1 0 1 1 1 1 1 1 0 0 1 0 0 0 0 1 0 1 0 0 1 1 1 0 1 0 0 1 1 1 1 1 0 0 0 1 0 1 0 0 1 1 0 0 0 0 1 1 1 1 1 0 1 0 1 1 1 0 1 1 0 1 1 0 0 1 1 1 1 0 0 1 1 0 1 0 0 0 1 0 0 1 1 1 1 1 1 1 1 1 1 1 0 1 0 1 1 1 1 1 1 0 1 1 1 1 1 1 1 0 1 1 0 0 0 1 1 1 1 1 1 1 1 1 1 1 1 0 1 1 0 0 1 1 1 1 1 0 1 0 0 1 1 1 1 0 1 1 1 0 0 1
1 0 1 1 0 1 1 0 1 1 1 1 0 1 1 1 0 1 1 1 1 1 0 0 1 1 0 1 1 0 1 1 1 1 1 1 0 0 1 1 1 1 1 0 1 1 1 1 0 0 1 0 1 0 1 1 0 1 1 1 1 0 1 1 0 0 1 0 1 0 1 0 1 1 0 1 0 1 1 1 1 1 1 0 1 1 1 0 1 0 1 1 0 1 0 0 1 1 0 1 1 1 0 1 1 0 1 1 1 0 1 1 0 1 0 1 1 0 1 0 0 1 1 0 1 0 1 1 0 0 1 1 1 0 0 0 0 1 1 1 0 1 1 1 0 1 0 1 1 0 1 0 0 1 1 1 1 1 0 0 1 0 1 0 0 0 1 0 1 1 1 1 1 1 1 1 1 0 1 1 1 0 1 0 0 0 0 0 1 1 1 1 1 1 1 1 1 1 1 0 1 1 1 0 1 1 0 0 0
0 0 0 1 1 1 1 1 1 0 1 0 1 1 0 0 1 0 1 1 1 1 1 1 1 1 0 1 1 0 0 1 0 1 1 1 1 1 0 1 1 0 1 0 1 0 1 1 0 1 0 0 0 1 0 0 0 0 0 0 1 0 1 1 0 1 1 0 1 0 1 1 0 0 1 0 1 1 1 1 1 1 0 1 1 1 0 1 0 0 0 1 1 1 1 1 0 1 0 1 1 0 1 1 0 0 1 0 0 1 1 1 1 0 0 1 1 1 1 0 1 0 1 1 1 1 1 1 1 0 1 1 1 1 1 1 0 1 1 0 1 1 0 1 0 0 1 1 1 1 0 0 1 1 1 1 0 0 1 0 0 1 1 1 1 1 1 1 1 1 0 1 1 0 1 1 1 1 1 0 1 1 1 1 0 0 1 0 1 1 0 1 1 1 0 0 0 0 1 0 1 1 0 0 1 1 0 0 0
0 1 0 1 1 1 1 0 1 1 1 1 1 1 0 0 1 0 1 1 1 1 0 0 0 0 1 0 0 0 1 1 0 1 1 0 1 1 1 0 0 0 0 0 1 1 0 1 1 1 1 0 1 1 1 0 0 1 1 0 0 1 0 0 0 1 0 1 1 1 1 1 0 0 0 1 0 1 0 1 0 1 1 0 1 1 1 0 0 1 1 1 1 1 1 1 0 1 1 0 0 1 1 1 1 1 1 1 0 1 1 1 0 1 0 0 0 1 0 1 1 0 0 1 1 1 1 0 1 1 1 0 1 0 0 1 0 1 1 1 1 1 0 1 0 0 1 0 1 0 1 0 1 1 1 1 1 1 0 1 0 1 1 0 0 1 0 0 0 0 1 1 0 1 0 0 1 1 1 1 0 0 1 0 0 0 1 0 0 0 1 1 1 1 1 1 1 1 1 1 1 0 0 1 0 0 0 0 1
0 1 1 0 1 1 1 0 1 1 1 1 1 1 1 0 0 1 0 1 1 0 0 0 1 0 1 1 1 0 1 1 1 0 1 1 1 1 1 1 1 1 0 0 1 1 1 1 1 1 0 0 0 1 1 0 0 1 0 1 0 1 1 1 0 1 1 1 1 0 1 1 1 1 1 1 1 0 1 0 1 1 1 0 1 0 0 1 0 1 1 1 1 0 1 1 1 1 1 1 1 1 1 0 1 1 1 1 0 1 0 1 1 1 1 0 1 1 0 0 1 1 0 1 0 0 1 0 1 1 0 1 1 1 0 1 1 1 1 0 0 0 1 1 1 1 1 0 1 1 1 0 1 1 0 1 1 0 1 1 0 0 0 1 1 0 1 1 0 1 0 0 1 1 0 0 1 1 1 1 1 1 1 1 0 1 0 1 1 1 1 1 1 1 0 0 1 1 1 1 1 1 1 1 1 0 0 0 0
0 1 1 1 1 0 0 1 0 1 1 1 1 0 0 1 1 1 0 1 1 1 1 1 1 1 1 1 0 0 1 1 0 1 1 1 0 0 1 0 1 1 0 1 1 0 1 0 1 1 0 0 0 1 1 0 0 1 0 1 1 1 1 1 0 1 0 0 0 1 0 0 1 1 1 1 0 1 0 1 1 0 0 0 0 0 1 1 1 0 1 0 0 1 0 1 1 1 1 0 0 1 1 1 1 1 1 0 0 0 1 1 1 1 0 1 1 0 0 0 1 0 1 0 0 0 1 0 0 0 0 1 0 1 1 1 1 1 1 1 0 1 1 1 0 1 0 1 0 1 1 1 1 0 0 0 1 1 0 1 0 0 0 1 0 0 1 1 0 0 1 1 0 1 0 0 1 1 1 0 1 1 0 1 0 1 1 1 1 1 1 1 1 1 1 0 0 0 1 1 0 1 0 1 1 0 0 0 1
0 1 0 0 0 1 1 0 0 1 0 0 1 1 1 0 0 1 0 1 1 0 1 1 1 0 1 1 1 0 0 0 0 0 1 1 1 1 1 1 1 1 1 0 1 1 1 0 1 0 1 1 0 1 1 0 0 1 0 1 1 1 1 1 1 1 0 1 0 1 1 0 1 1 1 1 1 0 1 0 1 0 1 1 1 0 1 0 0 0 1 1 1 0 0 0 0 0 1 0 0 1 0 1 1 1 1 1 0 0 1 1 1 0 0 0 0 0 0 1 1 1 0 0 1 1 1 1 1 0 0 1 0 1 1 1 1 1 1 0 0 0 1 1 1 0 0 0 1 0 1 1 0 0 1 1 0 1 0 1 0 1 1 1 1 1 0 1 0 1 1 0 1 1 1 1 1 1 0 1 1 1 1 1 0 1 0 0 1 1 1 1 0 0 1 0 1 1 1 1 0 1 0 0 0 0 1 0 1
1 0 0 1 1 0 1 0 0 1 0 1 1 1 0 1 1 1 0 0 0 1 0 1 1 1 0 1 1 0 1 1 0 1 0 1 1 0 0 0 0 1 0 1 1 1 1 1 0 0 1 1 0 1 0 0 0 0 0 1 1 0 0 0 1 0 1 0 1 0 0 0 0 0 1 1 0 1 1 1 0 1 1 1 1 0 1 1 1 0 1 0 1 1 0 1 1 1 1 1 1 1 0 0 0 0 1 1 0 0 1 1 0 1 0 0 1 1 0 0 1 0 1 1 1 0 1 1 1 1 0 1 1 0 1 1 1 1 1 0 0 1 0 1 1 1 0 1 0 1 1 0 1 1 1 0 0 0 1 1 0 0 1 1 0 1 1 1 1 1 1 0 1 1 0 1 0 1 1 1 1 0 1 1 0 0 1 0 1 0 1 1 1 1 1 0 1 1 1 1 0 1 0 1 0 0 1 0 1
0 0 1 1 1 1 1 1 1 1 1 1 1 0 1 0 1 0 1 1 0 0 0 1 0 1 0 1 0 0 0 0 0 0 1 0 0 0 1 1 1 1 1 1 0 1 1 0 0 1 1 1 0 1 1 1 1 0 0 0 0 1 0 1 1 0 0 0 0 1 0 0 0 1 1 1 1 1 0 0 1 0 0 0 1 1 1 0 0 1 0 1 1 1 1 1 0 0 1 1 0 1 1 1 1 0 0 0 0 1 0 0 1 1 0 0 0 1 0 1 0 0 1 1 1 1 0 1 1 1 1 0 1 0 0 1 1 1 1 1 1 0 0 1 0 1 1 0 0 0 1 0 0 0 1 1 0 0 0 1 0 1 1 0 1 0 0 1 0 1 1 1 0 0 1 0 1 1 0 1 0 1 1 1 1 1 0 0 0 0 1 1 0 1 0 1 0 1 1 0 1 0 1 0 0 1 0 0 0
0 1 1 0 1 0 1 1 1 1 1 1 1 1 0 1 1 1 0 1 1 1 1 1 1 1 1 1 0 0 1 0 1 1 1 1 1 1 1 1 1 1 1 0 1 0 1 1 1 0 1 1 1 1 1 1 0 1 1 1 1 1 0 1 1 1 1 1 1 0 1 1 0 0 1 0 1 1 0 1 1 0 0 1 1 1 1 1 0 1 0 1 1 1 1 1 1 0 0 1 1 0 0 0 1 0 0 1 1 1 1 1 1 1 0 1 0 1 1 0 0 1 1 0 1 1 1 1 0 1 0 0 1 0 1 1 1 1 0 1 1 0 0 0 1 1 1 1 1 0 1 0 1 1 1 0 0 1 1 0 0 1 1 1 0 1 1 0 0 1 1 1 1 1 1 1 1 1 1 1 1 1 0 1 0 1 1 0 0 0 1 1 1 1 0 1 1 1 0 0 1 1 0 1 1 1 0 0 1
1 1 1 0 1 1 1 1 0 0 1 1 0 0 0 1 0 1 0 1 1 0 1 0 1 0 1 1 1 0 1 1 0 1 0 1 1 0 0 0 0 0 1 1 1 1 0 1 0 1 1 0 0 0 0 0 1 0 0 0 1 1 1 1 1 1 1 1 1 0 1 0 1 0 0 1 0 0 0 1 1 0 1 0 0 0 1 1 1 0 1 0 1 1 0 1 1 1 0 1 1 1 0 1 0 0 1 0 0 1 1 1 1 1 0 1 0 0 0 0 1 1 0 0 0 0 0 0 1 0 1 1 0 1 1 1 1 1 0 0 0 0 1 1 1 1 0 0 1 1 1 1 0 1 0 0 1 1 0 1 0 0 0 0 1 1 1 0 1 1 1 1 1 0 1 1 0 1 1 0 1 0 0 0 0 0 1 0 1 1 1 1 1 1 0 0 1 0 0 0 0 1 0 0 0 0 0 0 0
0 1 1 0 1 1 1 1 1 0 1 0 0 1 0 0 0 0 0 0 1 0 0 1 1 1 0 0 0 0 0 0 0 1 1 0 1 1 1 1 0 0 0 1 1 0 1 1 1 0 0 1 0 1 0 0 0 1 0 1 1 1 1 1 0 0 0 0 1 0 0 1 1 1 1 1 1 1 0 1 1 1 1 0 0 1 1 0 0 1 1 1 1 1 1 1 0 1 0 1 0 1 1 1 1 0 0 1 1 1 0 0 1 1 0 0 0 1 1 1 0 0 1 1 0 1 1 1 0 1 0 0 0 0 0 1 0 1 1 0 1 0 1 1 0 0 1 1 1 0 1 0 1 1 0 1 0 1 0 1 1 0 1 0 1 1 0 0 0 1 1 1 1 0 1 0 1 1 0 1 0 0 1 1 0 0 1 0 0 0 0 1 0 1 1 1 0 0 0 1 0 0 1 0 1 0 0 1 0
0 0 0 0 1 1 0 0 0 1 1 1 1 0 1 0 1 0 0 1 1 0 0 1 1 1 0 0 0 0 0 0 1 0 1 0 1 0 1 0 1 1 1 1 0 1 1 0 1 0 1 1 0 0 1 1 1 0 1 1 0 1 0 1 1 0 0 0 1 1 1 1 1 1 1 1 1 0 0 0 0 1 1 0 1 0 0 0 0 0 1 1 0 1 0 0 0 0 1 1 0 0 1 1 1 1 0 0 1 0 1 1 0 1 0 0 1 1 1 0 0 0 1 1 1 1 1 0 0 1 1 0 1 0 0 0 0 1 1 1 0 1 0 1 1 0 1 0 1 0 1 0 0 0 0 1 1 1 0 0 1 1 1 0 1 1 0 0 0 0 0 1 0 1 0 0 0 1 0 1 0 1 1 0 1 0 1 1 0 0 1 0 0 1 1 1 1 0 1 1 1 1 1 0 1 1 0 0 0
0 0 0 0 1 1 1 1 0 1 1 1 1 0 0 1 0 1 0 1 1 1 1 1 1 1 0 1 1 0 1 0 1 1 0 0 1 1 1 1 0 1 1 1 1 1 1 0 0 1 0 1 1 0 1 1 0 1 0 1 1 0 1 1 0 1 1 0 0 1 1 0 1 1 1 0 1 0 1 1 1 1 1 1 1 0 0 1 1 1 1 1 1 1 0 0 0 1 0 0 1 1 0 0 0 1 1 1 1 1 0 1 0 0 0 1 1 0 0 0 0 0 1 1 0 0 1 0 0 1 1 1 1 0 1 1 1 1 1 0 1 1 1 1 1 1 1 0 1 1 1 1 1 1 1 1 1 0 1 1 1 1 1 1 1 1 1 1 1 0 1 1 1 0 1 0 0 1 0 0 1 1 0 0 0 1 1 1 0 1 0 1 1 1 1 1 1 0 1 1 1 1 0 1 1 1 0 0 1
1 0 0 1 0 1 1 1 0 1 1 1 1 1 1 1 1 1 0 1 1 1 1 0 0 1 1 0 0 0 1 1 0 1 1 1 1 1 1 1 0 1 0 0 1 1 1 1 1 1 1 0 0 1 0 1 1 0 0 1 1 1 0 0 1 1 0 0 0 1 1 0 1 1 0 1 0 1 1 0 1 0 1 1 0 0 1 0 1 1 1 0 1 1 0 1 1 1 1 1 1 1 1 0 1 1 1 1 0 1 0 1 1 1 1 1 1 1 1 0 1 1 1 0 1 0 1 0 1 0 1 1 0 0 1 1 1 0 0 0 0 0 0 0 1 1 0 1 0 0 1 1 0 1 0 1 0 1 0 1 0 0 1 0 1 0 1 0 1 1 1 0 1 1 0 1 0 0 0 1 0 1 0 1 0 1 1 1 1 0 1 1 1 0 0 0 1 0 1 1 0 1 1 1 0 0 1 0 1
1 1 1 0 1 0 1 1 0 1 1 1 1 1 1 1 0 1 0 1 1 1 0 1 1 0 1 1 0 0 1 1 0 1 1 1 0 1 0 1 1 0 1 1 0 1 1 1 0 1 1 1 0 0 1 0 0 0 0 0 1 1 0 0 1 1 0 1 0 1 1 0 1 1 1 0 0 0 1 0 1 0 0 1 0 0 1 1 0 1 1 0 1 1 0 1 1 1 0 1 1 0 1 1 1 1 1 1 0 0 0 1 0 1 1 1 0 1 1 0 1 1 1 1 1 1 1 1 1 0 1 1 1 0 1 0 1 1 1 1 0 1 0 1 1 0 0 1 0 1 1 1 0 0 1 1 1 1 1 0 0 0 1 0 0 1 0 0 1 0 0 0 1 0 0 1 0 1 1 1 0 1 0 1 0 1 1 1 1 0 1 1 1 1 1 0 1 1 1 0 0 0 0 1 0 0 0 0 0
1 1 1 0 1 1 1 1 1 1 0 1 1 1 0 1 1 1 1 0 1 1 1 0 1 0 1 0 0 0 1 1 1 1 1 1 1 1 0 1 0 1 0 1 1 1 0 1 1 1 0 0 0 1 1 0 0 0 1 0 1 1 1 1 1 1 0 0 1 0 1 1 1 0 0 0 1 1 0 0 0 1 1 0 1 0 1 1 1 0 0 1 0 0 1 1 0 1 1 1 0 1 0 1 1 0 0 1 1 0 1 1 1 1 0 0 1 1 0 1 1 0 1 1 1 0 1 1 0 0 1 1 0 0 0 1 1 0 1 1 1 1 1 1 0 1 1 1 1 0 1 0 0 1 1 1 1 0 0 0 1 1 1 0 0 1 0 1 0 1 0 0 1 1 0 0 1 1 1 1 0 1 1 0 0 0 1 1 0 0 0 1 1 1 1 1 0 1 1 1 1 1 0 0 1 0 0 0 0
1 1 1 1 0 1 0 1 1 1 1 1 0 0 1 1 1 1 1 1 0 1 1 0 1 0 1 1 1 0 0 1 1 1 1 1 1 0 0 1 1 1 1 1 1 1 0 0 1 1 1 1 0 1 1 1 0 1 1 1 1 0 1 1 1 0 0 0 1 1 1 1 1 0 1 0 1 1 1 1 1 0 0 1 1 1 1 1 1 0 0 0 0 0 0 0 0 1 1 0 1 0 0 1 1 1 0 1 1 1 0 1 1 1 0 0 1 1 1 0 1 1 0 1 1 1 1 1 1 0 1 1 1 0 1 0 0 1 1 1 1 1 1 0 1 1 1 1 1 0 0 1 0 1 0 1 1 1 1 1 0 1 0 1 1 1 0 0 1 1 1 0 1 1 1 0 1 1 1 1 1 0 1 1 0 1 1 0 1 1 1 1 1 1 1 1 1 1 1 1 1 0 0 1 1 1 0 0 1
0 1 0 0 1 1 0 1 1 1 1 1 1 0 0 0 0 0 1 1 0 0 0 1 1 0 0 1 0 0 0 0 1 1 1 0 1 0 0 1 0 1 1 1 1 0 1 1 1 1 0 0 1 1 0 0 0 0 1 0 1 0 0 1 1 0 0 0 1 0 0 1 1 0 1 1 1 1 0 1 0 1 1 0 1 1 1 0 0 1 0 0 1 1 0 1 0 0 1 1 0 1 1 1 1 1 1 0 0 1 0 0 0 1 0 0 0 1 1 1 0 0 1 1 1 1 0 1 1 1 0 0 1 0 0 1 0 1 1 1 0 0 0 1 1 0 1 1 1 0 1 0 1 0 0 1 1 1 0 1 1 1 0 1 1 1 0 1 0 1 1 0 1 1 1 0 1 1 0 1 0 1 1 1 0 0 1 0 0 0 1 1 0 1 0 1 1 1 0 0 1 1 1 1 1 1 0 0 0
0 1 1 0 1 1 0 1 1 1 1 1 0 1 1 0 0 1 0 0 1 1 0 1 1 1 1 0 0 0 1 1 1 1 1 1 1 0 1 1 0 1 0 1 1 0 0 0 0 1 1 1 0 1 0 0 0 1 0 1 1 1 0 1 1 0 1 1 0 1 1 1 1 1 0 1 1 1 0 1 1 1 1 1 1 0 1 1 1 0 0 1 0 1 1 0 1 0 0 0 1 1 0 1 0 0 1 0 0 1 1 1 1 1 1 1 1 0 1 1 1 0 1 1 1 1 1 1 1 1 1 1 0 0 1 1 1 0 1 1 0 1 1 1 1 1 0 0 1 0 0 1 1 1 1 0 0 1 0 1 0 1 1 1 1 0 0 1 0 1 0 0 1 1 0 1 0 1 1 1 1 1 1 1 0 1 0 1 0 1 1 0 0 1 1 1 0 1 0 0 1 1 1 0 1 0 0 0 1
1 1 1 1 0 1 1 0 0 1 1 1 1 0 1 1 1 0 1 1 1 1 0 1 1 0 1 0 1 0 0 1 0 1 1 1 0 1 0 1 0 1 1 1 1 0 1 1 1 1 1 1 0 1 1 1 0 1 1 0 1 0 0 1 0 1 1 1 0 1 1 0 1 0 1 1 1 0 1 0 1 1 1 1 1 1 1 1 1 0 0 1 1 0 1 1 1 0 1 1 1 1 0 1 1 1 1 1 1 0 1 0 0 1 0 0 0 1 1 0 0 1 1 0 1 0 1 1 0 0 1 1 0 1 1 0 1 1 1 0 1 1 1 1 0 0 0 1 1 1 1 1 1 1 0 0 1 1 1 1 1 0 1 1 1 1 1 1 1 1 1 1 0 0 1 1 1 1 1 1 0 0 1 1 0 1 1 1 1 1 1 0 1 1 1 0 1 1 1 1 0 1 1 0 1 1 0 0 1
0 1 0 0 1 0 1 1 1 1 0 1 0 0 1 0 0 0 1 1 1 0 0 1 1 1 0 1 0 1 0 0 0 0 0 1 0 1 0 0 1 0 0 1 0 1 1 0 1 1 0 1 1 1 1 0 1 1 1 1 0 1 0 1 0 0 0 0 1 1 0 1 1 1 0 1 1 1 0 0 0 1 1 0 1 0 0 0 0 1 0 0 1 1 0 1 0 0 0 0 0 1 0 1 0 0 1 1 1 1 0 0 1 1 0 0 0 0 1 0 0 0 1 1 1 1 0 0 0 1 0 0 1 0 0 0 0 0 1 1 1 1 0 1 1 1 0 0 1 0 1 0 1 1 1 1 1 0 0 1 1 0 0 1 1 0 0 1 0 1 1 0 0 0 0 0 1 0 0 0 0 1 0 1 0 0 0 0 0 0 0 1 0 1 1 0 1 1 1 0 0 0 1 0 1 1 0 1 0
1 1 1 1 1 1 1 1 1 1 0 1 0 0 0 1 1 0 0 1 1 1 0 1 1 1 1 0 1 0 0 1 1 1 1 1 1 1 1 1 0 0 1 1 1 0 1 1 0 1 1 1 1 1 1 1 0 0 0 1 0 1 1 1 1 0 0 1 1 0 1 0 0 0 0 1 1 1 1 0 1 1 1 1 1 0 0 1 1 1 0 1 0 1 1 0 1 1 1 1 0 0 1 1 0 1 0 1 0 1 0 1 0 1 0 0 0 1 1 0 1 1 1 0 1 1 0 1 0 1 1 1 1 1 0 0 1 1 1 1 1 1 1 0 1 1 0 1 1 1 1 0 0 0 1 1 0 1 1 1 1 1 1 1 1 0 1 0 1 1 1 1 0 0 1 1 1 1 1 1 1 0 1 1 0 1 1 0 1 0 1 1 1 1 1 1 1 1 1 1 1 1 1 0 1 1 0 0 0
1 0 1 1 0 1 0 1 0 0 0 0 0 1 0 1 1 0 0 0 1 1 1 0 1 0 0 1 1 0 0 1 0 1 1 1 0 0 1 0 0 1 1 1 1 1 1 0 0 1 0 0 0 1 0 1 1 0 0 0 1 0 0 1 1 0 1 0 1 0 1 0 1 0 1 0 0 1 1 0 1 0 1 1 0 0 0 1 1 0 0 0 1 1 0 1 0 0 0 0 1 1 0 1 1 0 1 1 0 0 0 0 1 0 1 1 0 0 1 0 1 0 1 0 1 0 0 0 1 0 1 1 0 1 1 1 1 1 0 0 0 0 1 1 1 1 0 0 1 0 1 1 1 1 1 1 1 0 1 0 0 0 1 0 1 1 0 0 1 0 1 1 1 0 0 1 0 1 0 1 0 0 0 0 0 1 0 0 1 1 0 1 0 1 0 0 1 0 0 0 1 1 0 1 0 0 1 1 1
0 1 1 1 0 1 1 0 1 1 1 1 1 1 1 1 0 0 0 1 0 0 1 1 0 1 1 0 1 0 1 0 0 0 0 1 1 1 1 0 1 1 0 1 1 0 0 1 1 1 0 1 0 1 0 0 0 1 0 1 1 1 0 1 0 1 1 0 1 1 1 0 1 1 1 1 1 1 1 0 1 0 0 1 1 0 1 1 1 1 1 0 0 0 0 1 0 0 1 1 1 1 0 1 1 1 0 1 0 1 1 1 1 1 1 1 1 0 0 0 1 1 1 0 1 0 0 1 1 0 1 1 1 1 0 1 1 1 0 1 0 1 0 1 1 0 0 1 1 1 1 0 0 1 1 1 1 1 0 1 0 0 0 1 0 0 1 1 1 1 1 1 1 1 1 1 1 1 1 1 1 1 1 1 0 0 0 1 1 1 1 1 1 1 0 0 1 1 1 1 1 1 1 1 1 0 1 0 1
0 1 1 0 0 1 0 1 1 1 0 0 0 1 1 1 1 1 1 0 0 0 1 1 1 0 0 0 1 0 1 1 0 1 1 1 1 1 0 0 1 1 1 1 0 1 1 1 1 1 0 0 1 0 1 1 0 1 1 1 1 1 1 0 1 1 1 1 1 0 1 1 0 1 0 0 1 1 1 1 1 1 0 0 0 1 0 1 0 1 1 1 0 1 0 1 0 1 0 0 1 1 1 0 1 1 0 1 1 1 1 1 0 0 0 0 1 1 1 0 1 1 1 0 1 0 1 1 1 1 1 1 0 0 0 0 1 1 1 0 1 1 0 1 1 1 1 0 1 1 1 1 1 0 1 0 1 0 1 0 1 1 1 0 1 1 0 1 1 1 1 1 1 1 1 0 1 1 1 0 1 1 1 1 0 1 0 0 1 1 1 0 0 1 1 1 0 1 1 1 0 1 0 1 1 0 0 0 1
1 1 1 1 1 1 1 1 1 1 1 1 1 0 1 1 1 1 0 1 0 1 0 0 1 1 1 1 0 0 0 1 1 1 1 1 1 0 1 0 1 0 0 0 0 0 0 0 1 0 0 1 0 1 1 1 0 1 1 1 0 1 1 1 1 0 0 1 1 1 0 1 1 0 1 1 0 1 0 0 1 1 1 1 1 1 0 1 1 1 0 1 0 1 0 1 0 1 0 0 1 0 1 0 1 0 1 1 0 1 1 1 1 1 0 1 1 0 1 0 1 1 1 1 0 1 1 1 0 1 1 1 0 0 0 1 1 1 1 0 1 1 0 0 1 1 1 1 0 0 1 0 1 0 1 0 1 0 1 1 1 1 0 1 1 1 0 0 1 0 0 1 1 1 0 1 0 1 1 1 1 1 1 1 0 0 1 1 0 1 1 0 1 0 0 1 1 0 1 0 1 1 1 0 1 0 0 0 1
1 0 1 0 1 1 1 1 0 0 1 0 0 1 0 1 1 1 0 0 0 1 0 0 1 0 1 1 1 1 1 1 0 1 1 1 1 0 1 0 0 0 0 1 0 1 0 1 0 1 0 0 0 0 0 0 1 0 0 0 0 0 1 1 1 0 0 0 0 0 1 0 0 0 1 1 0 1 0 0 1 0 1 1 0 0 1 1 1 0 1 0 1 1 0 0 1 1 1 1 0 1 0 0 1 0 0 0 0 0 0 0 0 0 1 1 0 1 1 0 1 0 1 0 0 0 0 0 1 0 1 1 0 1 0 1 0 0 0 0 0 0 1 0 1 1 0 0 1 1 1 0 1 0 0 1 1 1 1 1 0 0 0 0 1 1 1 0 1 1 0 1 1 0 1 1 0 1 1 0 1 0 0 0 1 1 0 0 1 0 1 1 0 1 0 0 1 0 0 1 1 1 0 1 0 0 1 0 0
0 1 1 0 1 0 1 1 1 0 0 1 1 1 0 1 1 1 1 0 1 0 1 1 0 1 0 1 1 0 1 1 0 0 0 0 1 1 1 1 1 1 1 0 0 1 0 0 1 1 1 1 1 1 1 1 0 0 1 0 0 0 0 1 1 1 1 1 0 0 0 1 1 0 1 0 1 1 1 1 1 1 0 1 1 0 1 1 0 1 0 1 1 1 1 0 1 1 1 0 1 0 1 1 1 0 1 1 1 0 1 1 0 1 0 1 1 1 1 1 0 1 0 1 1 1 0 1 1 1 1 0 0 0 0 1 0 1 1 0 0 0 0 1 1 0 0 0 1 1 0 1 0 1 0 0 1 0 1 1 1 1 1 1 1 1 0 1 0 0 1 0 1 1 1 0 1 1 1 1 0 1 0 0 0 1 0 1 1 0 0 1 1 1 1 0 0 1 1 1 0 1 0 0 1 1 0 0 1
1 1 0 1 1 0 0 0 1 0 0 1 1 0 0 1 0 1 0 0 1 0 1 0 1 1 1 1 1 0 1 0 1 0 1 1 1 1 1 1 1 1 1 1 1 1 0 1 1 1 1 1 1 0 1 1 0 1 1 1 1 1 0 1 1 1 0 1 0 1 1 1 0 0 0 1 1 1 1 0 0 1 0 0 1 1 0 1 1 0 0 1 0 0 0 1 0 0 1 1 0 1 0 1 1 1 0 1 0 1 1 1 1 0 0 1 1 1 1 1 0 0 1 0 1 1 1 1 0 1 1 1 1 0 0 1 1 1 0 1 1 1 0 0 1 0 1 1 1 0 1 0 1 1 1 1 1 1 0 1 0 0 0 1 1 0 0 1 0 1 0 0 1 1 1 0 0 0 1 1 0 0 1 1 0 0 1 1 1 0 0 0 1 0 1 0 1 1 1 0 1 1 1 1 1 1 0 0 1
1 0 1 0 1 0 0 0 1 1 1 1 1 1 1 1 1 1 0 0 1 1 1 0 1 0 0 1 1 0 0 1 0 1 1 1 1 1 0 1 1 0 0 0 1 0 1 1 1 1 1 0 0 1 1 1 0 1 1 0 1 1 1 0 1 1 1 0 0 0 1 0 0 1 1 1 1 0 1 1 0 1 0 1 1 1 0 0 1 1 1 1 1 1 1 1 1 1 0 0 0 1 1 0 1 1 0 1 0 1 1 1 0 1 0 0 1 1 0 0 0 0 1 1 1 1 1 1 1 1 0 1 0 1 0 1 0 0 0 1 1 1 1 1 1 0 0 1 0 0 0 1 1 1 0 1 1 1 1 1 1 0 1 0 1 0 1 1 1 0 0 1 1 0 1 0 1 1 0 1 1 1 0 1 0 1 1 0 1 1 0 1 1 0 1 0 0 1 1 1 0 1 0 0 0 1 0 0 1
1 0 1 1 0 0 1 0 0 0 0 1 0 1 1 1 0 1 0 0 1 1 1 1 1 1 0 1 1 0 1 1 1 1 1 0 1 0 1 1 1 1 1 1 1 0 1 1 1 0 1 1 1 0 1 1 0 1 1 0 0 1 1 1 1 1 1 1 1 0 1 1 0 1 1 0 1 1 1 1 0 1 1 0 1 1 0 1 1 1 1 1 0 1 0 0 1 1 1 1 1 1 1 1 0 1 1 0 0 1 1 1 0 0 0 1 1 1 1 1 0 0 0 1 1 1 1 0 1 1 1 0 1 0 0 0 0 1 0 0 1 0 0 0 0 1 0 1 1 0 0 0 1 0 1 0 1 0 1 0 1 0 1 1 1 1 0 1 0 1 1 1 1 1 1 1 0 0 0 1 0 1 1 1 0 0 1 1 1 1 0 1 1 0 1 0 1 1 0 1 1 1 1 0 1 1 0 0 1
0 1 1 1 0 1 1 1 1 1 1 1 1 0 1 1 1 0 1 1 1 0 0 0 1 0 1 0 0 0 0 0 1 1 1 0 1 0 0 1 1 1 1 1 0 1 0 0 0 1 1 0 0 0 1 1 0 1 1 1 1 0 0 1 0 1 0 0 1 0 0 1 0 1 0 0 1 1 1 1 0 0 0 0 0 1 1 1 1 0 1 1 0 1 0 1 0 1 1 0 0 0 1 1 1 0 1 0 1 0 1 1 1 1 0 0 0 1 1 1 0 0 1 0 1 1 1 1 1 0 1 1 0 0 1 1 1 0 1 1 1 0 0 1 0 1 1 1 1 0 1 0 1 1 1 0 0 1 0 1 1 0 1 0 0 1 0 1 1 1 1 1 0 0 1 0 1 1 1 1 0 0 1 1 1 1 1 1 0 0 1 1 1 0 1 0 1 1 1 1 1 1 1 1 1 0 0 0 0
0 0 1 0 1 1 0 1 1 1 1 0 1 1 1 0 1 0 0 1 1 1 1 1 1 1 1 1 0 0 0 1 0 1 1 0 1 1 1 0 1 1 1 1 1 0 1 1 1 1 1 0 0 1 1 0 0 0 0 1 1 1 1 0 0 0 1 0 1 1 0 0 1 1 1 1 1 1 1 1 1 0 0 1 0 0 1 1 1 0 0 1 1 1 1 0 1 0 0 1 0 1 0 0 1 1 0 1 0 1 0 0 0 1 1 1 0 1 0 1 1 1 1 0 0 1 0 0 1 0 1 1 1 1 0 0 1 1 1 0 0 1 0 0 0 1 1 1 0 1 1 1 1 0 0 1 1 1 1 1 0 1 0 0 0 1 1 1 1 0 1 1 1 0 1 1 0 0 1 1 0 1 1 0 0 0 1 0 1 1 1 0 1 0 0 0 1 1 1 1 1 1 0 0 0 0 1 1 1
1 1 1 0 1 1 1 1 0 1 1 1 0 1 1 1 0 1 1 1 1 1 1 0 1 1 0 1 1 0 1 1 0 1 1 1 1 1 1 1 1 0 1 1 1 0 1 0 0 1 1 1 1 1 1 0 0 1 1 0 0 0 1 1 1 1 0 1 0 1 1 1 1 1 1 0 1 1 0 1 1 0 1 0 1 0 1 1 1 1 1 0 0 1 1 1 1 1 1 1 0 1 1 1 0 0 1 0 0 1 1 1 1 1 0 1 1 0 1 0 1 1 1 1 0 1 0 1 1 0 1 1 1 0 0 1 0 1 0 1 0 0 1 1 1 1 1 0 1 1 0 1 0 0 0 1 1 1 0 1 0 1 0 0 1 1 0 1 1 0 1 1 0 1 1 0 1 1 1 1 0 1 1 1 0 0 1 1 0 0 0 1 1 1 1 1 1 0 0 1 0 1 0 0 1 1 0 0 0
0 0 1 0 1 1 0 0 1 1 1 0 1 0 1 0 0 0 0 1 1 0 0 0 0 1 0 0 0 1 0 0 1 1 1 0 1 1 1 1 0 1 0 0 0 0 1 0 1 1 1 1 1 1 1 1 0 1 0 1 0 1 0 1 1 1 0 0 1 1 0 1 0 0 1 0 0 0 0 0 0 0 1 0 1 1 1 0 0 1 1 0 0 1 1 0 0 0 1 0 0 1 0 0 0 1 0 0 0 1 0 1 1 1 0 0 1 1 0 1 0 0 0 1 1 1 1 1 0 1 1 0 1 0 0 0 1 0 0 1 1 1 0 1 1 0 1 1 1 0 1 0 0 0 1 1 1 1 0 0 1 1 0 1 1 1 0 1 0 0 1 1 0 0 1 0 1 0 0 0 0 1 1 1 1 0 1 1 0 0 0 0 0 0 0 0 0 1 1 1 0 0 1 0 1 1 0 0 0
1 1 1 0 1 0 1 0 0 1 1 1 1 0 1 1 0 0 1 1 1 0 1 1 1 0 1 1 0 0 1 0 1 1 1 1 1 1 1 1 0 0 1 0 1 1 1 0 0 0 1 0 1 1 0 1 0 1 1 0 0 0 0 1 1 1 0 1 1 1 1 0 1 1 0 1 1 1 0 0 0 1 1 1 1 0 1 1 0 0 1 1 1 0 1 1 0 1 1 1 0 0 1 1 1 0 1 1 1 0 1 1 0 0 0 0 1 0 1 1 0 1 1 1 0 1 1 0 0 1 0 0 0 0 1 0 1 1 1 1 1 1 1 1 1 1 1 0 1 0 1 0 0 1 0 1 1 1 0 0 1 0 1 0 1 0 0 1 1 1 1 1 0 1 1 0 1 1 1 1 0 1 1 1 1 1 0 1 0 0 1 1 1 1 1 1 0 1 1 1 1 1 0 1 1 1 0 0 0
0 1 1 1 1 1 0 1 0 1 0 1 1 0 1 0 1 1 0 1 1 0 1 1 1 1 1 0 1 0 0 0 0 1 0 1 1 1 0 1 1 1 1 1 0 0 0 1 0 1 1 1 0 1 1 1 0 0 0 0 1 1 1 1 1 1 1 1 1 0 0 0 1 0 1 1 1 0 1 1 1 0 1 1 0 1 0 0 0 1 0 0 1 1 0 0 0 1 1 1 0 1 1 1 1 1 0 1 0 1 0 1 0 0 1 1 0 1 1 0 0 1 1 1 1 1 1 1 0 1 1 0 1 0 0 1 1 1 0 0 0 1 1 1 1 0 0 0 1 0 1 1 1 0 1 1 0 1 1 0 0 0 1 1 1 0 1 1 0 0 1 1 1 1 0 1 1 0 0 0 1 1 0 0 0 0 1 1 1 0 0 1 0 1 1 1 0 0 0 0 0 1 1 1 1 0 1 0 1
1 1 1 1 0 1 1 1 0 1 1 1 1 0 0 1 1 1 1 1 0 0 1 1 1 1 1 1 1 0 0 1 0 1 1 0 0 0 0 1 1 0 1 1 0 0 1 1 0 1 1 1 1 1 1 1 0 0 1 1 1 1 0 1 1 0 0 1 0 1 1 1 1 1 1 1 1 1 1 1 1 0 1 1 0 1 1 1 1 1 1 0 1 0 0 1 0 1 1 1 0 1 1 1 1 1 0 1 1 1 1 0 0 0 0 1 0 0 0 0 1 1 0 1 0 0 1 1 0 1 1 1 1 0 1 1 0 0 0 0 0 1 1 1 1 1 0 1 1 0 0 0 0 1 1 1 1 0 1 1 1 0 1 0 1 0 1 1 0 1 1 0 1 0 0 1 0 0 1 1 1 1 0 0 0 1 1 1 0 1 1 0 1 0 0 0 1 1 1 1 1 0 1 1 0 0 1 0 0
1 1 1 1 1 0 0 0 1 1 1 1 1 0 1 1 1 1 1 1 1 1 0 1 0 0 1 1 1 0 1 0 0 1 1 0 1 1 0 1 0 1 0 0 1 1 0 1 1 1 1 0 1 0 0 0 0 1 0 1 1 0 1 1 1 1 0 1 1 0 1 1 0 1 0 1 0 1 1 1 0 1 1 1 1 0 0 1 0 1 1 0 1 0 1 0 1 1 0 1 0 0 1 0 0 1 0 1 1 0 0 0 0 0 0 1 0 1 1 1 0 0 0 0 1 0 1 1 1 1 1 1 1 0 0 0 1 1 1 1 1 1 1 1 1 1 1 1 1 0 1 1 0 1 0 0 1 1 1 1 1 1 0 1 0 1 0 1 0 0 1 1 1 1 1 1 1 0 1 1 1 1 1 1 0 1 1 0 1 0 1 0 1 0 1 0 1 0 1 1 0 0 1 1 1 0 0 0 0
1 1 0 1 0 0 1 1 1 1 0 1 0 1 1 1 1 1 1 1 0 1 1 0 0 1 1 1 1 0 1 1 1 0 1 1 0 1 1 1 1 1 1 1 0 1 1 0 0 1 1 1 0 1 0 1 0 1 0 1 1 1 1 1 1 1 0 0 0 0 1 0 1 1 1 0 1 1 1 0 1 1 1 1 1 1 0 1 1 1 1 1 1 1 1 1 0 1 0 1 0 1 0 1 0 1 1 1 1 0 0 0 0 0 0 1 0 1 1 0 1 0 1 1 0 0 0 1 1 0 1 1 1 0 1 1 1 1 0 1 0 0 1 1 1 1 0 1 0 1 1 0 0 1 1 1 1 1 1 1 1 1 1 1 1 1 0 1 0 1 1 0 1 1 0 1 1 0 0 0 0 0 1 1 0 0 1 1 1 1 1 1 0 0 0 0 1 1 1 1 0 1 0 1 1 0 0 0 0
0 1 0 1 0 0 0 0 0 0 0 0 0 0 0 1 0 1 0 0 0 1 0 0 1 0 0 1 0 1 0 1 0 0 0 1 0 0 0 0 0 0 0 1 0 0 0 1 0 0 0 0 0 0 0 0 1 0 0 0 0 0 0 0 0 0 1 0 0 0 1 0 0 0 0 0 0 1 0 0 0 0 0 0 0 0 0 1 1 0 0 0 1 0 0 0 1 1 0 0 1 0 0 0 0 0 1 0 0 0 1 0 0 0 0 1 0 0 1 0 0 0 1 0 0 0 0 0 0 0 1 1 0 1 1 1 0 0 0 0 0 0 0 0 0 0 0 0 0 1 0 1 0 0 0 0 0 0 1 0 0 0 0 0 0 0 1 0 1 1 1 1 1 0 0 1 0 0 0 0 1 0 0 0 0 1 0 0 1 1 1 1 1 1 0 0 0 0 0 0 0 0 0 0 0 0 1 1 1
0 0 1 1 1 0 0 1 0 1 1 0 0 1 0 0 0 1 0 1 1 1 0 0 1 0 1 1 1 1 0 1 0 1 1 1 1 0 1 0 0 1 1 1 0 1 1 0 0 1 0 0 0 1 0 0 0 0 0 0 1 1 0 1 1 0 1 1 0 1 1 0 1 1 1 1 0 0 1 0 0 0 1 1 0 0 1 1 1 0 0 0 1 0 0 0 1 1 0 1 1 1 1 0 1 0 1 1 0 0 1 1 1 1 1 0 0 1 1 0 1 0 0 1 1 0 0 0 0 0 1 0 0 1 1 1 1 1 1 0 0 1 1 0 0 0 0 0 1 0 1 0 1 0 1 1 1 1 0 1 0 0 0 0 0 1 1 0 1 1 1 1 1 0 1 0 0 1 0 1 1 0 0 0 0 1 0 0 0 1 1 1 0 1 0 0 0 0 0 1 0 1 0 1 0 0 0 1 1
0 1 1 1 0 0 1 1 0 1 1 1 0 0 1 1 1 0 1 1 1 0 1 1 1 0 0 1 1 0 1 1 0 1 1 1 1 1 0 1 1 1 1 0 0 0 1 0 1 0 1 1 1 0 0 1 0 0 1 0 1 1 1 1 0 1 1 1 0 0 1 1 1 1 1 1 0 1 1 0 1 0 0 0 0 1 1 1 0 1 1 0 1 0 0 0 0 1 1 1 0 1 1 1 1 0 0 1 1 1 0 0 0 0 0 0 0 1 1 1 1 1 1 1 0 1 0 0 1 1 0 1 1 0 0 1 1 1 1 1 0 1 0 1 1 0 1 1 1 1 1 1 0 1 1 1 1 0 0 1 1 0 1 1 0 1 0 1 1 1 1 1 0 1 0 1 1 0 0 0 0 1 1 1 0 1 0 1 1 1 1 1 1 1 1 1 0 0 0 1 1 1 1 0 1 1 0 0 1
1 0 1 1 0 1 1 1 1 1 1 1 1 1 0 0 1 1 1 1 0 1 0 0 0 1 0 1 1 0 1 1 0 1 1 1 1 1 0 0 0 1 0 1 1 0 1 0 1 1 0 1 1 1 0 1 0 1 0 1 0 1 1 1 0 1 0 1 0 0 1 0 1 0 0 1 1 1 0 0 1 1 1 0 1 1 0 1 1 1 1 1 0 1 0 1 0 0 1 0 1 1 1 1 1 1 1 0 1 0 1 0 1 1 0 1 1 0 0 1 1 1 1 1 0 1 1 1 1 1 0 0 1 1 1 1 0 1 1 1 1 1 1 0 1 1 1 0 1 1 0 1 0 1 1 1 0 1 1 1 1 0 0 1 1 0 1 1 0 1 1 1 1 1 1 1 0 0 1 1 1 0 1 0 0 1 1 0 1 1 1 1 0 0 0 1 1 1 1 0 1 1 1 0 1 1 0 0 0
1 0 1 0 1 1 0 1 1 1 1 1 1 1 1 1 0 1 0 1 1 0 0 0 1 1 1 0 1 0 1 1 1 1 1 0 0 1 0 1 1 1 0 0 1 1 0 1 1 0 0 0 1 1 1 1 0 0 0 0 1 1 1 1 1 0 0 1 0 0 1 1 1 1 1 1 0 0 0 0 0 0 1 0 1 1 0 1 1 0 1 1 1 1 1 1 1 0 1 1 1 1 1 0 1 1 0 1 0 1 1 0 1 1 1 1 1 0 0 1 1 1 0 1 0 1 1 0 1 0 1 1 0 0 1 0 1 1 1 1 1 1 1 0 0 1 1 1 1 1 0 0 1 0 1 1 1 1 1 1 0 1 0 0 1 0 1 1 1 1 1 0 1 1 1 1 1 0 1 1 1 0 1 1 0 1 1 1 1 1 0 0 0 0 1 1 0 1 1 1 1 1 1 0 0 0 0 0 1
0 1 0 0 0 0 0 1 0 0 0 0 1 1 0 0 0 0 1 0 1 0 0 1 1 1 0 1 0 1 0 0 1 0 0 1 0 1 0 1 1 1 0 0 1 0 1 1 1 0 1 1 1 0 1 1 1 0 1 1 0 1 1 1 1 0 0 0 0 0 0 0 1 1 0 0 1 0 0 1 0 1 0 0 1 0 0 0 0 1 0 1 1 0 0 0 0 0 0 0 0 1 1 0 1 1 1 0 1 1 0 0 1 0 0 0 1 1 1 0 0 0 0 1 1 1 1 1 0 1 0 0 1 0 0 0 0 1 0 0 1 0 0 1 0 0 1 1 0 0 0 0 0 0 1 0 1 0 0 0 1 0 1 0 0 0 0 1 0 1 1 0 1 1 0 0 1 0 0 1 0 0 0 1 1 0 1 0 0 0 1 0 0 0 1 0 0 0 1 0 1 0 0 0 0 1 0 0 0
1 1 1 0 0 1 1 1 0 0 0 0 0 1 0 1 1 1 0 1 1 1 1 0 0 0 1 0 1 1 1 1 0 1 1 1 1 0 1 0 0 1 0 1 1 1 1 1 0 0 1 0 0 1 0 0 1 0 0 1 1 1 0 1 1 1 0 1 1 1 0 0 1 0 0 1 1 1 1 1 1 0 0 1 0 0 0 1 1 1 1 0 1 0 0 1 1 1 1 1 1 0 0 0 0 0 1 1 0 0 0 1 0 1 0 1 1 1 1 0 0 1 0 1 1 0 0 0 1 0 0 1 0 1 1 0 0 1 1 0 0 1 1 1 1 1 0 0 1 0 0 1 1 1 0 1 1 1 1 1 0 0 0 0 1 1 1 0 0 0 1 1 0 0 1 1 0 1 1 1 1 0 0 0 0 0 1 0 1 1 0 1 0 1 0 0 0 0 0 1 1 1 0 0 0 0 0 0 1
1 1 0 1 0 1 1 0 0 1 1 1 0 0 0 0 1 0 0 1 1 0 0 0 1 0 1 1 1 1 0 0 0 1 1 1 1 0 1 0 0 0 0 1 0 1 0 0 0 1 0 0 0 1 0 0 1 0 0 0 1 1 0 1 1 1 1 0 1 1 1 0 1 0 1 0 0 1 0 1 0 0 1 1 0 0 0 1 1 0 1 0 0 1 0 1 0 1 1 1 0 1 0 0 0 0 1 1 0 1 1 1 0 0 0 0 1 1 1 0 1 0 0 0 1 0 0 0 1 0 1 0 0 1 1 0 1 0 1 0 0 1 1 0 1 1 0 0 1 1 0 1 1 0 0 1 0 1 1 0 0 0 0 0 1 1 1 0 1 1 1 0 0 0 1 0 0 0 1 0 0 0 1 0 1 1 1 0 1 1 1 1 1 1 0 0 1 0 0 1 0 1 0 1 0 0 1 1 1
1 0 0 1 0 1 1 1 0 0 1 1 1 1 0 0 1 1 0 1 1 1 0 1 1 0 1 1 0 0 1 0 1 1 1 0 1 1 1 0 1 0 1 1 0 0 1 0 1 0 0 0 0 1 1 0 0 1 0 0 1 1 1 1 1 1 1 1 1 1 1 1 0 1 1 1 0 0 1 0 1 1 1 0 1 1 1 1 1 1 0 1 1 1 1 1 1 1 1 1 1 0 1 1 0 1 1 1 0 1 1 0 0 1 1 0 1 1 0 0 0 0 0 1 0 1 1 1 0 0 1 1 0 1 0 0 1 0 1 1 0 1 1 1 0 1 0 1 1 0 1 0 0 0 0 1 1 1 1 1 0 1 0 0 0 1 0 1 0 0 1 0 1 1 1 1 1 1 0 1 1 1 0 1 0 1 1 0 0 1 1 1 1 1 1 1 1 0 1 1 0 0 1 1 1 1 0 0 1
1 1 1 0 0 1 0 1 1 1 1 1 0 1 1 1 1 1 0 1 1 0 1 1 0 0 1 0 0 0 1 1 0 1 1 1 1 1 1 1 1 0 0 1 1 1 1 1 1 1 0 1 1 0 1 1 0 1 1 0 1 0 0 1 1 0 0 1 0 0 1 1 1 1 0 1 1 1 0 0 1 1 0 0 1 1 1 0 1 1 1 1 1 0 1 0 0 0 0 1 0 1 0 1 1 0 0 1 1 1 1 1 0 1 0 1 1 1 1 1 1 0 1 0 1 1 0 0 0 1 1 0 1 0 0 1 1 0 0 1 1 0 1 1 1 1 1 1 1 0 0 0 1 0 1 1 0 1 1 1 0 0 1 0 0 0 0 0 0 1 0 0 0 1 1 0 1 0 1 1 1 1 1 0 0 1 1 0 1 1 1 0 1 1 0 1 1 1 0 0 0 1 1 1 1 0 0 0 1
1 1 1 0 1 1 1 1 1 1 0 1 0 0 1 1 0 1 1 1 1 1 0 1 0 0 0 0 1 0 1 1 0 0 1 0 0 1 1 1 0 1 1 0 1 1 1 1 0 0 1 1 1 0 1 1 0 1 0 1 0 1 0 1 1 1 1 1 1 1 0 1 1 1 1 1 1 0 0 1 1 1 1 0 0 1 0 1 1 1 1 1 1 1 1 1 1 1 1 0 0 1 1 1 1 1 0 0 1 0 1 0 1 0 0 1 0 0 0 1 1 1 0 1 0 0 0 1 0 1 1 0 1 0 1 1 1 0 1 1 1 0 1 1 1 0 0 1 0 1 1 1 1 1 1 1 1 1 1 1 1 0 0 0 1 1 0 1 1 0 0 1 1 1 1 1 0 1 1 1 1 1 0 1 0 1 1 1 1 1 1 0 1 0 0 0 1 1 1 1 1 1 1 1 0 1 0 0 1
0 1 1 0 0 0 1 0 1 1 1 1 1 0 1 0 1 0 1 1 1 0 0 0 1 0 0 1 0 0 0 1 0 1 1 1 0 1 1 1 1 1 1 1 0 1 1 0 1 1 1 1 1 1 0 1 0 0 1 1 1 1 0 1 1 1 0 0 1 0 1 1 1 1 0 1 1 0 0 1 0 1 1 0 1 1 0 0 1 0 1 1 1 0 1 1 0 0 0 1 0 1 1 1 1 1 1 1 1 1 1 0 0 0 0 0 1 1 1 1 0 0 1 1 0 0 1 0 1 1 1 0 0 0 0 1 1 0 0 1 1 1 0 0 0 0 1 0 1 0 1 0 1 0 1 1 0 1 0 1 1 0 1 1 1 1 0 1 0 0 1 1 0 0 0 1 1 1 0 1 0 1 0 1 0 1 1 1 0 0 1 1 0 1 0 0 1 0 1 1 0 1 0 0 1 1 0 0 0
0 1 1 1 1 1 0 0 0 0 0 0 1 0 1 0 1 0 1 1 1 0 0 1 0 1 0 1 0 0 0 1 1 1 0 1 1 1 0 1 1 0 0 1 1 0 1 0 1 1 0 0 1 1 0 1 0 1 1 1 1 1 1 0 1 1 0 0 1 0 1 1 1 0 1 1 1 1 1 1 1 0 1 0 1 1 1 1 1 1 1 0 1 1 0 0 0 0 1 1 0 0 1 1 1 1 0 0 1 1 1 1 1 0 0 0 0 1 1 1 0 0 1 0 0 1 0 1 0 1 1 0 1 0 0 0 1 1 0 1 1 1 0 1 1 1 0 1 1 0 1 0 0 1 1 1 0 1 0 1 1 0 1 0 1 1 0 0 0 1 1 1 0 0 0 1 1 0 0 0 0 1 1 1 1 1 1 1 0 0 1 1 1 1 0 1 1 1 1 1 1 0 0 1 1 1 0 0 0
0 0 0 1 1 0 0 0 1 1 0 1 1 0 0 0 1 0 1 1 1 0 0 1 1 1 1 1 0 0 0 1 0 1 1 1 0 0 1 1 1 1 0 0 1 1 1 0 1 0 1 1 1 1 1 1 0 1 1 1 0 0 1 1 0 1 0 0 1 1 0 0 0 0 1 1 0 0 0 1 1 1 1 0 1 0 0 0 1 1 1 1 1 1 0 1 0 1 1 1 0 1 1 1 0 1 0 1 1 0 1 1 1 1 0 0 0 1 0 1 0 0 1 0 1 0 1 0 1 1 1 1 1 0 0 0 1 0 1 0 1 1 0 1 0 1 1 1 0 0 0 0 1 1 1 1 1 1 0 1 1 1 1 1 1 1 0 0 0 1 0 1 0 1 1 1 1 0 1 1 0 1 0 1 1 1 0 1 0 0 0 0 1 1 1 1 0 1 1 0 1 1 1 1 1 0 0 0 0
1 0 0 1 1 0 1 1 1 1 1 1 1 1 0 0 0 1 1 0 0 1 1 0 1 1 0 1 1 0 0 1 1 0 1 1 1 1 1 1 0 1 0 0 1 1 1 0 0 1 1 1 1 1 1 1 0 1 1 1 0 0 1 1 0 1 1 1 1 1 1 0 1 1 0 1 1 1 0 1 1 1 0 1 0 0 0 1 1 0 1 1 1 0 0 0 1 1 1 0 1 1 0 1 1 1 1 1 0 0 0 0 1 1 0 0 1 1 1 0 1 1 0 0 0 1 0 1 0 1 1 1 0 1 1 1 0 0 1 1 0 0 1 1 1 0 0 1 1 1 0 1 1 1 1 1 0 1 0 1 1 0 1 1 1 1 0 1 1 1 1 1 0 1 1 1 0 1 1 0 1 1 1 1 0 1 0 1 0 1 1 1 1 1 0 1 0 1 1 1 1 1 1 1 1 1 1 0 1
0 0 0 0 1 1 1 0 0 1 1 1 0 0 0 0 0 0 1 0 1 0 0 1 0 1 0 0 0 0 0 1 0 1 1 0 0 1 1 1 1 1 1 0 0 1 0 0 1 1 0 1 1 1 1 0 1 0 1 1 1 1 0 0 0 1 0 0 0 1 0 1 1 1 0 0 1 1 0 0 1 1 1 0 1 1 1 0 0 0 0 1 1 0 1 1 0 0 1 1 0 1 1 1 1 0 0 0 1 1 1 1 1 0 0 0 1 1 0 1 0 0 0 1 1 1 1 1 1 0 1 1 1 0 0 1 1 0 1 1 1 0 0 1 0 1 1 1 1 0 1 0 0 1 1 1 1 1 0 1 1 0 1 1 0 1 0 1 0 0 1 1 0 0 1 0 1 1 0 0 0 0 1 1 1 0 1 1 0 0 1 0 0 1 1 1 0 0 1 1 1 0 1 0 1 1 0 0 0
1 1 0 1 1 1 1 1 1 0 0 0 0 1 0 1 1 1 0 1 0 1 1 0 1 1 0 1 0 0 0 1 0 1 1 1 0 1 1 1 1 1 1 0 1 1 1 1 0 1 1 1 1 0 1 1 0 1 1 1 0 1 1 1 0 0 0 1 0 1 0 1 0 0 1 1 1 0 0 0 0 1 0 1 0 1 1 1 1 1 1 0 1 1 0 1 1 1 1 1 1 1 1 0 1 1 1 1 1 0 1 1 1 1 1 1 0 0 1 0 0 1 1 1 1 1 1 1 1 1 0 0 1 1 0 1 1 1 0 1 1 1 1 0 1 0 0 1 0 1 1 1 1 1 1 1 1 0 1 1 1 0 1 0 1 1 1 1 1 1 0 1 1 0 1 1 1 1 1 1 1 1 0 1 0 1 1 0 1 1 1 0 1 1 1 0 1 0 0 1 1 0 0 1 0 1 1 0 1
1 1 0 1 1 1 1 0 0 1 1 1 1 1 1 1 0 1 0 0 0 1 1 1 1 0 1 1 1 0 1 1 0 1 0 1 1 0 1 1 1 1 1 0 1 1 0 0 1 1 0 1 0 1 1 1 0 1 0 1 0 1 1 0 1 1 1 1 1 1 1 0 0 1 1 1 0 1 1 1 1 0 0 1 0 0 1 1 1 1 1 0 1 1 0 1 1 1 1 1 1 0 1 1 0 1 1 1 0 0 0 1 1 1 1 0 1 0 1 0 1 0 1 0 0 0 0 1 1 1 0 0 0 1 1 0 1 1 1 0 0 0 1 1 1 1 0 0 1 0 1 1 0 1 1 1 1 1 0 1 0 0 1 1 1 1 0 1 0 0 1 1 0 1 0 1 0 1 1 0 1 1 0 1 0 0 1 1 0 0 1 0 1 1 0 1 1 0 1 1 0 1 0 0 1 0 0 0 1
0 1 1 1 0 1 1 1 0 0 1 1 1 0 1 0 1 0 1 1 1 0 0 1 1 1 0 1 0 0 0 1 1 1 0 1 0 1 0 1 1 1 1 1 0 1 1 0 1 0 1 1 1 0 0 1 0 1 1 1 1 1 0 1 1 0 0 0 1 0 1 1 0 0 1 1 1 1 0 0 1 1 1 0 0 1 1 0 1 0 1 1 0 0 1 1 0 1 0 0 0 0 1 0 1 0 1 1 1 0 1 1 1 1 0 0 1 1 0 1 0 0 0 1 1 0 1 1 0 1 1 0 0 0 0 1 1 1 1 0 1 1 0 0 0 1 1 0 0 0 1 0 1 1 0 1 0 0 0 1 1 1 0 1 1 0 0 1 0 0 0 1 0 0 0 0 1 1 0 1 0 1 1 0 0 1 0 1 0 0 1 1 0 0 1 0 0 1 0 1 1 0 0 1 1 1 0 0 0
1 1 0 1 0 1 0 0 0 0 0 1 0 0 0 1 1 1 0 1 0 0 1 0 1 0 1 1 1 0 1 1 0 0 0 1 1 0 1 0 0 0 1 1 0 0 0 1 0 1 0 0 0 0 0 0 0 0 0 0 1 1 1 0 1 0 1 1 0 1 0 0 0 0 0 1 0 1 1 1 0 0 0 1 0 0 0 0 0 0 0 0 0 1 0 1 1 1 0 0 1 0 0 1 0 0 1 0 0 0 0 0 0 0 1 1 0 1 0 0 1 1 1 0 0 0 0 0 1 0 1 1 0 0 1 0 1 0 1 0 0 0 1 0 1 1 0 0 0 1 0 1 1 0 0 0 0 0 0 0 0 0 0 0 0 1 1 0 1 1 0 1 1 0 0 1 0 1 0 0 0 0 0 0 0 1 0 0 1 1 0 0 1 1 0 0 1 0 0 1 1 0 0 1 0 0 1 0 1
1 0 1 1 0 1 0 1 0 0 1 0 0 0 0 1 0 1 0 0 0 1 1 0 1 0 1 0 1 1 1 1 0 0 0 0 1 0 0 0 0 0 1 0 1 0 0 1 0 0 0 0 0 1 0 0 1 0 1 0 1 0 1 1 0 0 1 1 0 1 0 0 1 0 0 1 0 0 1 1 1 0 1 1 0 0 1 1 1 0 1 0 1 1 0 0 1 0 0 0 0 0 0 0 0 1 0 0 0 1 0 1 0 1 1 1 0 1 1 0 1 1 0 0 1 0 0 0 1 0 0 1 0 1 0 1 1 0 0 0 1 1 1 0 0 1 0 0 0 1 0 1 1 0 0 1 0 1 1 1 1 0 1 0 1 0 1 0 1 0 0 1 1 0 1 1 0 1 1 0 0 0 0 0 1 0 1 0 1 1 0 1 1 0 0 0 0 0 0 1 0 1 0 0 0 0 1 1 0
1 1 1 0 1 1 1 0 1 1 1 1 1 1 1 0 1 0 1 0 1 1 1 1 1 1 1 1 1 0 1 1 1 1 0 1 1 0 1 1 1 0 1 1 1 1 1 0 0 1 1 1 1 1 1 1 0 1 0 0 0 0 1 0 1 1 1 1 1 1 0 0 0 1 0 1 1 1 1 1 1 1 1 1 1 0 1 1 0 1 0 1 1 0 0 0 1 1 0 1 1 1 1 1 0 1 0 1 0 0 1 1 0 1 1 1 1 1 0 0 0 0 0 1 1 1 0 0 1 1 1 0 1 0 1 0 1 0 1 1 1 1 1 1 0 0 0 1 0 0 0 1 1 1 0 1 1 0 1 1 1 0 1 1 1 1 0 1 1 0 1 0 1 1 0 1 1 1 1 1 1 1 0 0 0 0 1 0 1 0 1 1 1 1 0 1 1 1 0 1 0 0 1 1 1 1 0 0 0
1 1 1 1 1 1 1 0 1 1 0 1 1 1 1 1 1 1 0 1 1 1 1 0 1 1 0 1 0 0 1 1 0 1 0 1 1 0 0 1 1 1 1 1 1 1 1 1 0 1 1 1 1 0 0 0 0 1 1 1 1 1 1 1 1 1 0 1 1 1 0 0 1 0 0 0 0 1 1 1 1 1 1 1 0 0 1 1 1 1 0 0 1 1 0 1 1 1 1 1 0 0 1 0 0 1 1 0 1 1 1 0 1 1 0 1 1 0 1 0 0 1 1 1 1 1 1 1 0 1 1 1 1 1 1 1 0 1 1 1 1 1 1 0 1 0 0 1 1 1 0 1 1 1 1 1 1 0 1 1 1 0 0 0 1 1 1 1 0 0 0 0 1 0 1 1 1 1 0 1 0 1 0 1 0 1 0 1 1 0 1 1 1 1 1 1 1 1 1 1 0 1 1 1 1 1 1 0 0
1 1 1 1 1 0 1 1 1 1 1 1 1 0 1 1 1 1 1 1 1 1 1 1 1 0 1 0 0 0 1 1 1 1 1 1 1 0 0 1 1 1 1 1 1 1 0 0 1 1 1 1 1 1 1 1 0 0 1 0 1 1 1 1 1 0 0 1 1 1 1 1 0 0 1 1 1 1 1 1 1 1 1 1 1 1 1 0 1 0 1 1 0 1 0 1 1 1 1 1 0 1 1 0 1 0 1 1 0 1 1 0 1 1 0 1 1 1 1 1 1 0 0 0 0 0 1 0 0 0 1 1 1 0 0 0 1 0 1 0 0 1 1 1 1 0 1 1 1 1 0 1 1 1 0 0 0 1 1 0 1 0 0 1 1 1 0 1 0 1 1 1 1 1 0 1 1 1 1 1 1 1 0 0 0 1 1 1 1 1 0 0 1 1 0 0 1 1 1 1 0 1 1 1 1 0 0 0 1
1 1 1 0 1 0 1 0 0 0 0 0 1 1 1 0 1 1 1 0 0 1 1 1 0 0 1 1 0 0 1 1 0 1 0 1 1 1 1 0 1 1 0 1 0 1 1 0 0 1 1 0 1 1 1 0 0 1 1 1 1 0 0 1 1 0 1 1 1 1 1 1 0 1 1 1 1 1 1 1 1 1 0 0 1 1 1 0 1 1 1 1 1 1 1 1 0 0 1 1 0 1 0 0 0 1 1 0 0 1 0 0 1 0 0 1 1 1 1 0 1 1 1 0 1 0 0 1 1 1 0 1 1 1 0 1 1 1 0 1 1 1 0 1 0 0 0 1 1 0 0 1 0 1 1 1 1 1 0 1 0 0 1 1 1 1 1 1 1 0 1 1 1 1 0 1 1 1 0 1 1 1 0 0 0 1 1 1 0 1 1 0 1 1 1 1 1 0 1 0 1 1 1 1 1 0 0 0 1
0 0 0 1 1 0 1 1 0 0 1 1 1 0 1 0 0 0 1 0 0 0 0 0 1 0 0 1 0 0 0 1 1 1 1 1 1 0 1 0 1 1 1 1 1 0 0 0 0 1 1 1 1 1 0 1 0 1 1 1 0 1 1 1 1 0 0 0 1 1 0 1 1 1 1 0 1 0 1 0 0 1 1 0 0 1 0 0 1 1 1 1 1 0 1 1 0 1 0 0 0 0 1 1 0 1 0 1 1 1 0 0 1 1 0 0 1 1 1 0 0 0 1 1 1 1 1 0 1 1 1 0 0 0 0 1 1 0 1 0 0 0 0 1 1 1 1 0 1 0 1 0 1 1 1 1 0 0 0 1 1 0 0 1 1 0 0 1 0 1 1 1 0 1 1 0 1 1 1 0 0 1 1 0 0 1 1 1 0 0 1 1 0 1 1 0 1 1 1 1 1 1 1 1 0 0 0 0 0
0 0 1 0 1 1 0 1 1 0 1 1 0 0 1 0 0 0 1 1 1 0 0 1 0 1 0 0 0 1 0 0 0 0 1 0 1 1 1 0 0 1 1 0 0 1 0 0 1 0 0 1 1 0 1 1 0 1 0 1 1 1 0 0 1 0 0 0 0 1 1 1 0 1 0 1 1 0 0 0 0 1 1 0 1 0 1 0 0 1 1 0 0 1 1 1 0 0 1 1 0 0 1 1 1 1 0 0 1 1 0 0 1 0 0 0 0 1 1 1 0 0 0 1 1 1 1 1 0 1 1 0 1 0 1 1 1 0 1 0 0 0 0 1 1 1 0 1 1 0 0 0 1 1 1 1 0 1 0 0 1 1 1 1 1 1 0 1 0 0 0 0 0 1 1 0 1 0 0 1 0 1 1 0 1 1 1 1 0 0 0 0 0 1 1 1 1 0 0 0 0 1 0 0 1 1 0 1 0
1 1 1 0 1 1 1 1 1 0 1 1 1 0 1 1 1 0 1 1 1 0 0 1 0 1 0 1 1 0 1 0 0 0 0 1 1 1 1 1 1 1 1 1 1 1 1 1 1 0 0 1 1 1 1 1 0 0 0 0 1 1 1 1 0 0 0 1 1 1 1 1 0 1 1 1 1 0 1 0 1 0 0 0 0 1 1 0 1 1 1 0 1 1 1 1 0 1 1 1 0 0 1 1 0 0 1 0 1 1 1 1 1 0 0 1 1 1 1 0 1 1 1 0 0 1 1 1 0 0 1 0 1 0 1 1 1 1 1 0 0 0 1 1 1 1 0 1 1 1 1 0 0 0 0 1 1 1 1 1 1 0 1 1 0 1 0 1 1 1 1 1 1 1 1 0 0 0 1 0 0 1 1 1 0 1 1 1 1 1 0 1 1 1 1 1 1 0 1 0 1 0 0 0 1 1 0 0 1
1 1 0 1 1 1 1 1 0 1 1 0 1 0 1 1 1 0 0 1 0 1 1 0 1 0 1 1 1 1 1 0 0 1 0 1 1 0 1 0 0 1 1 1 1 1 1 1 0 1 1 0 0 0 0 0 0 1 0 0 0 1 1 1 0 0 1 1 1 1 1 0 0 1 1 0 0 1 1 1 0 0 0 1 1 0 1 0 0 1 1 0 1 1 0 1 1 0 0 0 1 0 0 1 0 0 0 1 0 1 1 1 1 1 0 1 0 1 1 0 1 1 1 1 1 0 0 0 1 0 1 1 0 1 1 1 1 1 0 0 0 1 0 0 1 1 0 0 1 0 0 1 0 1 1 1 1 1 1 0 0 1 0 0 0 0 0 0 1 1 0 1 1 0 1 0 0 1 0 1 1 0 1 0 0 1 0 0 1 1 1 1 1 0 0 0 1 0 0 0 0 0 0 0 1 0 1 1 1
0 1 0 0 0 1 1 1 1 1 1 0 1 1 0 1 1 1 0 1 1 1 1 1 1 0 0 1 0 0 0 0 1 1 1 0 0 1 1 1 1 1 1 1 1 1 0 0 1 1 1 1 1 1 1 1 0 1 1 0 1 1 1 1 1 1 0 1 1 0 0 1 0 1 1 1 1 1 1 1 1 1 0 1 1 1 1 0 1 1 0 1 1 1 1 0 1 1 1 0 0 1 0 1 0 1 0 1 1 1 1 1 1 1 0 0 1 0 0 1 1 0 1 1 1 0 1 1 1 1 0 1 0 0 0 1 0 1 1 1 1 1 0 0 1 1 0 1 0 1 1 1 1 0 1 1 1 0 1 0 1 1 0 0 1 0 0 1 0 0 1 1 0 1 0 1 1 1 1 1 1 0 1 1 0 1 1 0 0 1 1 1 1 0 1 1 1 1 1 1 1 0 1 1 1 0 0 0 1
0 0 1 1 1 0 1 0 1 0 0 1 1 0 1 1 1 1 1 1 1 1 0 1 1 1 1 0 1 0 1 1 1 1 1 1 1 1 1 0 0 0 1 1 1 1 0 1 1 1 0 1 1 1 1 1 0 1 1 1 1 1 1 0 0 0 0 1 1 1 0 1 1 1 0 0 0 1 0 1 1 0 1 1 0 1 1 1 1 0 1 1 1 0 1 1 1 1 1 1 1 1 1 1 0 0 0 1 1 1 1 1 1 1 0 0 1 1 0 0 1 1 0 1 1 0 1 0 1 0 1 1 0 1 0 0 1 1 0 1 1 1 1 1 0 1 0 1 1 1 0 0 0 0 0 1 1 1 0 1 1 0 0 1 0 0 1 0 0 1 1 1 0 1 1 1 1 0 1 0 0 1 1 1 0 1 1 1 1 1 0 1 1 0 0 1 1 1 1 1 1 0 1 1 1 1 0 0 1
1 0 1 1 1 1 1 1 1 1 1 1 0 1 1 1 0 0 1 1 0 1 1 1 1 0 0 1 1 0 0 1 1 1 1 1 1 1 1 1 1 1 1 1 0 1 1 0 1 0 0 1 1 1 1 1 0 1 1 1 1 1 1 1 1 1 0 1 0 0 0 1 0 1 1 0 0 1 1 0 1 1 1 1 0 0 1 1 0 1 1 0 1 0 1 1 1 0 1 1 1 0 0 0 1 1 1 1 0 1 0 1 1 1 0 0 0 1 1 0 1 1 1 1 0 0 1 1 0 1 0 1 1 1 1 0 0 0 0 1 1 1 1 1 1 0 1 0 0 0 1 0 1 0 0 1 0 0 0 1 1 1 0 1 1 1 1 1 1 1 1 1 0 1 1 0 0 1 0 1 0 1 1 0 0 0 1 1 1 1 1 0 0 0 1 0 1 1 1 1 0 1 1 0 1 1 0 0 1
0 1 1 0 1 0 1 0 0 0 0 1 0 1 1 0 0 0 0 0 0 0 0 1 1 1 0 1 0 1 0 0 1 0 0 1 0 0 0 1 1 1 1 0 0 1 1 1 1 0 0 0 1 0 1 1 1 0 1 1 0 0 0 1 1 1 0 0 1 0 0 1 1 1 0 1 1 1 0 0 0 1 1 0 1 1 1 0 0 1 1 1 0 0 0 0 0 0 1 1 0 0 1 0 0 1 1 1 1 1 0 0 1 0 0 0 1 1 1 1 0 0 0 1 0 1 0 1 0 1 0 0 1 0 0 0 0 1 0 1 0 0 0 0 0 1 0 0 0 0 1 0 0 1 0 1 1 1 0 1 1 0 1 1 1 0 0 1 0 1 0 0 1 0 1 0 0 0 0 1 0 1 1 1 0 0 1 1 0 0 1 0 0 1 1 1 0 1 1 1 0 1 1 1 1 1 0 1 0
0 1 0 0 1 1 1 0 1 1 0 1 1 0 1 0 1 0 1 1 1 0 0 1 1 1 0 0 0 0 0 0 1 1 1 1 0 1 0 1 1 1 1 1 1 1 0 0 1 1 0 1 1 0 0 0 0 0 1 1 1 1 1 1 1 1 0 0 1 1 0 1 1 1 1 1 0 0 1 0 1 0 1 0 1 0 0 1 1 1 1 1 0 1 0 1 0 1 0 1 0 0 1 1 1 1 1 0 1 0 0 1 1 1 0 0 1 0 1 1 0 0 1 1 1 0 1 1 1 1 1 0 0 0 0 1 1 1 1 0 1 1 0 1 1 0 0 0 1 0 1 0 1 1 1 1 1 0 0 1 1 0 1 1 0 1 0 1 0 1 1 1 1 1 0 1 1 1 1 1 0 1 1 1 1 0 1 1 0 0 1 1 1 1 0 0 1 1 1 1 0 1 1 1 1 0 0 0 0
1 1 1 1 1 1 1 1 1 0 1 1 0 0 0 1 0 0 1 1 1 1 0 0 0 0 1 0 1 0 1 1 1 1 1 0 1 0 0 1 0 0 1 0 1 1 1 0 1 1 1 1 0 1 0 0 0 0 0 1 1 1 1 1 0 1 0 0 1 1 1 1 0 1 1 1 1 1 0 1 0 0 1 1 1 1 1 0 0 1 1 1 1 1 1 1 1 1 1 0 1 1 1 0 1 1 0 1 1 1 1 1 1 0 0 1 1 1 1 0 1 1 1 1 0 1 1 0 1 1 0 1 0 0 0 0 1 1 1 1 1 1 1 0 1 0 0 1 0 1 1 1 0 1 1 1 0 1 1 0 1 1 1 0 1 1 1 0 1 0 0 0 1 0 1 0 1 1 1 1 1 0 0 1 0 1 1 1 0 1 1 1 1 1 1 0 0 0 1 0 1 0 1 1 1 1 0 0 0
1 0 1 1 1 0 0 1 0 0 1 1 0 0 0 1 0 1 0 1 1 0 1 0 0 0 1 0 1 0 0 0 0 0 1 1 1 0 0 0 0 1 0 1 1 0 1 1 0 1 1 0 0 0 0 0 1 0 0 0 1 1 1 1 1 0 1 1 0 1 0 0 0 0 0 1 0 1 1 0 1 0 0 1 0 0 1 0 1 0 0 0 0 1 0 1 0 1 1 0 1 1 0 0 0 0 1 1 0 0 0 0 0 1 1 0 1 1 1 0 0 1 0 0 1 0 0 0 1 0 1 0 0 1 1 0 1 1 0 0 0 1 0 1 1 0 0 0 1 0 0 1 1 1 0 0 1 1 0 1 0 0 0 0 0 1 1 0 1 0 1 1 1 0 1 0 0 1 1 0 1 0 0 0 0 1 0 1 1 0 0 1 0 1 0 0 1 0 0 1 0 1 0 0 0 0 0 0 0
1 1 1 0 0 1 0 1 1 1 1 0 1 1 1 1 1 0 1 0 1 0 1 1 0 1 0 1 0 0 1 0 1 1 1 1 0 1 1 1 0 1 1 0 1 0 1 1 1 0 1 1 1 0 0 1 0 0 0 1 1 1 0 1 1 1 1 0 0 0 1 1 1 1 1 0 1 1 1 1 1 1 1 1 1 1 1 1 1 1 0 1 0 1 1 1 1 1 1 1 1 0 1 0 0 1 1 0 1 1 1 0 1 1 0 1 1 0 0 0 0 0 1 0 1 1 1 0 0 1 1 1 1 0 0 0 0 0 0 1 0 1 0 1 0 1 1 1 1 0 0 1 1 1 1 1 0 1 0 1 0 0 1 0 0 0 1 0 1 0 1 1 0 0 1 1 1 1 1 1 1 1 1 1 0 0 1 0 0 1 1 0 1 1 1 0 0 0 0 0 0 1 1 1 0 1 0 0 0
1 1 0 1 1 1 1 0 0 1 0 1 0 0 0 0 1 0 0 1 1 0 1 0 1 0 1 1 0 0 1 1 0 0 0 1 1 0 1 0 0 1 0 1 1 0 1 1 0 1 0 0 0 1 0 0 0 0 0 0 1 1 1 1 1 0 1 1 1 0 1 0 1 0 0 0 0 0 1 1 0 0 0 1 0 0 1 1 1 0 1 0 1 1 0 0 1 0 1 0 0 1 0 1 0 0 1 1 0 0 1 0 1 0 1 0 1 1 0 0 1 1 0 0 1 0 0 0 1 0 1 1 0 1 1 1 1 1 1 0 0 0 1 1 0 0 0 0 1 1 1 0 0 1 0 1 1 1 1 1 0 0 0 0 1 0 1 0 1 1 1 1 0 0 1 1 0 1 1 0 1 0 0 0 0 0 1 1 0 1 1 1 1 1 0 0 1 0 0 1 0 1 0 1 0 0 1 1 1
1 1 0 0 0 1 1 1 0 1 1 0 0 1 1 1 1 1 0 1 1 1 1 1 1 1 0 1 1 0 1 1 0 0 1 0 1 0 1 1 0 1 0 1 0 1 1 1 1 1 1 0 0 1 1 0 0 1 0 1 0 1 1 0 1 1 1 1 1 0 0 1 0 1 0 1 1 1 1 0 1 0 1 0 1 0 1 0 0 0 0 1 1 1 1 0 1 0 1 1 1 0 1 1 1 1 1 0 0 0 1 0 0 0 0 1 0 0 1 0 1 1 0 1 1 1 0 1 1 0 1 0 1 1 1 1 1 1 0 1 1 0 0 1 0 1 0 1 0 1 1 0 0 0 0 1 1 1 1 1 1 1 1 1 1 1 1 1 1 1 0 0 0 1 0 0 1 1 1 1 1 1 1 1 0 0 1 1 1 1 0 1 1 1 0 1 1 1 1 1 1 1 1 0 0 0 0 0 1
1 1 1 1 0 1 0 0 0 1 1 1 1 1 1 1 0 1 0 1 1 1 1 1 1 1 0 1 1 0 1 1 1 0 1 1 1 0 1 0 1 1 1 0 1 1 1 1 1 1 1 0 1 0 0 1 0 1 1 1 1 0 0 1 1 0 1 0 1 0 1 1 1 1 1 1 1 1 0 0 1 0 1 1 1 0 1 1 0 1 1 0 1 1 1 0 1 1 0 0 0 1 1 1 0 1 0 0 0 1 0 1 1 1 0 0 1 1 0 0 1 0 0 0 1 0 1 1 1 1 1 1 1 0 0 1 1 1 1 1 1 0 1 0 0 0 1 1 1 1 1 1 0 0 0 1 1 0 1 1 1 0 0 1 1 0 1 1 1 0 1 1 0 1 0 1 0 0 0 0 0 0 1 1 0 1 0 0 0 1 0 0 1 1 0 1 0 1 1 0 1 1 1 1 1 1 0 0 1
1 1 1 1 0 1 0 1 1 1 1 1 1 1 1 1 1 1 1 0 1 1 1 1 0 1 0 1 0 0 0 1 1 1 0 1 1 1 1 1 0 1 1 1 1 1 1 1 1 1 1 1 1 0 1 0 0 1 0 0 1 1 1 1 1 1 0 1 1 1 1 1 0 1 1 1 1 0 0 1 1 1 1 0 0 0 1 0 1 1 0 0 1 0 1 1 1 1 1 1 0 0 1 0 1 1 0 0 1 0 1 1 0 1 0 1 1 1 1 1 0 0 0 1 1 1 1 1 1 1 1 1 0 0 0 0 1 0 1 1 1 0 1 1 0 0 0 1 1 0 1 0 0 0 0 1 0 0 0 1 0 0 1 0 1 1 0 0 0 0 0 1 1 0 1 1 1 1 0 1 0 1 1 1 0 0 1 1 1 0 1 0 1 1 0 1 1 1 1 1 0 0 1 1 1 1 0 0 1
0 1 1 1 0 1 0 0 1 0 0 1 1 1 1 0 0 1 1 1 1 0 1 0 0 1 1 0 1 0 1 1 0 1 1 1 1 0 0 1 1 1 1 0 1 0 1 0 1 1 0 1 0 0 1 1 0 1 1 0 0 1 1 1 1 1 1 1 1 1 1 1 1 1 1 1 1 1 0 1 0 1 0 0 1 1 1 1 1 1 1 1 0 0 1 1 1 1 0 0 1 0 1 1 0 0 1 1 1 1 1 1 0 1 0 1 1 1 1 0 1 1 1 1 1 1 1 1 1 1 1 1 1 0 1 1 1 0 1 1 1 1 1 1 1 1 1 1 1 0 1 1 1 1 1 0 1 1 1 1 1 1 0 1 1 1 1 1 1 1 1 1 1 1 1 1 1 1 0 1 1 1 1 1 0 1 1 0 1 0 1 1 1 1 1 1 0 0 1 1 1 1 1 1 0 1 0 0 0
0 1 1 0 1 1 1 0 1 0 1 1 1 1 1 0 1 1 0 1 1 0 1 1 0 1 0 0 1 0 1 1 1 1 1 0 1 1 1 0 1 1 0 0 1 1 1 1 1 1 1 0 0 1 0 1 0 0 1 1 1 1 0 1 1 1 0 1 1 1 0 1 1 1 1 0 1 1 1 0 0 0 0 1 0 1 1 0 1 1 1 1 0 1 1 0 1 1 1 1 1 1 1 1 1 0 1 1 1 1 0 1 1 1 0 1 1 0 1 1 1 0 1 0 1 0 0 1 0 1 1 1 0 0 0 1 1 0 1 0 0 1 1 1 1 0 1 1 0 1 0 1 1 1 0 1 0 1 0 1 1 1 1 0 0 1 0 1 1 1 1 1 1 1 1 1 1 1 0 1 1 1 1 1 0 1 1 1 1 0 1 1 1 1 1 1 1 1 1 1 1 1 1 1 1 0 0 0 1
1 1 1 1 0 1 0 1 0 1 1 1 1 1 1 0 1 0 0 1 0 1 0 0 1 1 1 1 1 0 1 0 1 0 0 1 0 1 1 1 1 1 1 0 0 1 1 1 1 0 1 1 1 1 0 1 0 1 1 1 1 1 1 1 1 0 1 1 1 0 0 1 1 1 1 0 1 0 1 1 0 0 1 1 1 1 0 1 1 0 1 1 1 1 0 1 0 1 0 0 1 0 1 1 0 1 1 1 1 1 1 0 1 1 0 1 0 1 1 0 1 1 1 1 1 1 1 1 1 1 0 1 0 0 1 0 0 1 1 0 1 1 1 0 1 0 1 0 1 1 1 1 1 0 0 1 1 0 1 0 1 1 0 1 1 1 1 1 1 1 1 1 0 1 1 1 1 0 1 0 0 1 1 1 0 1 1 1 1 0 0 1 1 1 1 1 1 0 1 1 1 0 1 1 0 1 0 0 0
1 1 0 0 1 1 1 1 0 1 0 0 0 0 0 0 1 0 0 1 0 1 1 0 0 0 0 1 0 1 1 1 0 0 1 1 1 0 0 0 0 1 1 0 1 1 1 1 0 1 1 0 0 0 0 0 1 0 0 0 0 0 1 0 0 1 1 1 1 1 1 0 1 0 0 1 0 1 0 0 1 0 1 0 0 0 1 0 1 0 1 0 0 1 0 1 1 0 1 1 1 1 0 1 1 0 1 0 0 0 1 1 1 1 1 0 0 1 1 0 1 1 1 1 1 0 0 0 0 0 1 0 0 0 1 1 1 1 0 0 0 1 1 1 0 0 0 0 1 0 0 1 1 1 0 1 0 1 0 1 0 0 0 0 1 0 0 0 1 0 0 1 1 0 1 1 0 0 1 0 1 0 0 0 1 1 1 0 0 1 0 1 1 1 0 0 0 0 0 0 1 1 0 1 0 0 1 1 0
1 1 0 1 1 0 1 1 1 0 1 0 1 0 0 1 1 0 0 0 1 0 1 1 1 1 1 0 1 0 1 0 0 1 0 1 1 0 1 0 0 1 1 0 0 1 1 0 1 1 0 1 0 1 0 1 0 1 1 0 1 1 0 1 1 0 1 0 1 1 1 0 1 1 0 0 1 1 1 1 1 1 0 1 1 0 1 1 0 0 1 1 1 1 1 1 0 1 0 1 1 1 1 1 0 1 1 1 0 0 0 1 1 1 0 1 1 1 1 0 1 0 1 1 1 1 1 1 1 1 1 1 1 0 1 1 1 0 1 1 0 1 0 0 1 1 1 1 0 1 1 1 1 1 1 1 1 0 1 0 0 0 0 0 1 1 0 0 1 1 1 0 1 1 1 1 1 1 1 1 1 1 1 1 0 1 1 0 1 1 1 1 0 0 1 1 1 1 1 1 1 0 0 1 0 1 0 0 1
0 0 1 0 1 0 0 1 0 0 1 0 1 0 1 0 0 0 1 1 0 0 0 1 0 0 0 0 0 1 0 0 0 1 1 0 1 1 0 1 0 1 1 0 0 0 0 0 1 1 0 1 0 1 1 0 1 1 1 0 1 1 0 0 1 1 0 0 1 1 0 0 1 1 1 0 0 0 0 0 0 0 0 0 1 1 1 0 0 1 0 1 0 1 1 1 0 0 1 1 0 1 0 1 1 1 0 0 1 1 0 1 1 1 0 0 1 1 0 1 0 0 0 0 1 1 1 1 1 1 1 0 1 0 1 1 1 1 0 1 1 1 0 1 1 1 1 1 1 0 0 0 1 1 0 1 1 1 0 0 0 0 1 1 0 0 0 0 0 0 1 1 0 1 1 0 1 1 0 1 0 1 1 0 0 0 0 1 0 0 0 0 0 1 1 1 1 1 1 0 0 1 1 0 0 1 0 1 0
0 1 1 1 1 1 1 1 1 1 0 1 1 1 0 0 0 0 1 0 1 0 0 1 1 1 0 1 0 1 0 0 1 1 1 1 0 1 0 1 1 0 1 0 1 1 0 1 1 0 1 1 0 1 0 0 1 1 1 1 0 1 0 1 1 1 0 0 1 0 0 1 0 1 0 1 1 0 0 1 0 1 1 0 0 1 1 0 0 1 1 1 1 0 0 1 0 0 1 1 0 1 0 0 0 0 1 1 1 0 0 0 1 1 0 0 0 0 1 0 0 0 1 0 0 0 0 1 0 0 0 0 1 0 0 0 0 0 0 0 1 0 1 1 0 1 0 0 1 0 0 0 1 0 0 1 1 1 0 0 0 0 1 1 0 0 0 1 0 0 1 0 1 1 1 0 0 0 0 0 0 1 1 0 1 0 1 1 0 0 0 0 0 1 1 0 0 0 0 0 1 1 1 0 1 0 0 1 0
0 1 1 1 1 1 1 1 1 1 0 1 1 0 1 0 1 0 1 1 0 0 0 0 0 1 0 0 0 0 0 0 1 1 1 0 1 1 0 1 1 0 1 0 0 1 1 0 1 1 1 1 1 1 1 1 1 1 1 0 1 0 0 1 0 0 0 1 1 1 0 1 1 1 1 1 1 0 0 1 1 1 1 0 1 1 1 1 1 1 0 0 1 1 0 1 1 0 1 0 0 1 0 1 1 1 0 0 0 1 1 1 0 1 0 0 1 0 0 1 0 0 0 1 0 1 1 1 1 1 1 1 0 0 1 1 0 0 1 0 1 1 0 0 0 0 1 1 1 0 1 0 1 0 1 0 1 0 0 0 1 1 0 1 1 1 0 1 0 1 0 1 0 1 1 1 0 1 1 1 0 1 1 1 1 1 1 1 0 0 0 0 0 1 1 1 0 1 0 1 1 1 1 0 1 1 0 0 0
0 1 1 1 1 1 0 1 0 1 0 1 1 0 1 0 1 0 0 1 1 0 0 0 1 1 0 0 0 0 0 0 0 1 1 0 1 1 1 1 0 1 0 1 0 0 1 0 1 1 1 1 1 0 0 1 0 1 1 0 1 1 0 1 1 1 0 0 1 1 1 1 0 1 0 1 0 1 1 1 1 0 1 0 0 0 1 0 0 0 1 1 1 1 1 1 0 1 0 1 0 1 1 0 1 0 0 0 1 0 1 0 1 1 0 0 1 1 0 0 0 0 0 0 0 1 0 1 1 1 0 1 1 0 0 1 0 1 1 1 1 1 0 0 1 1 1 1 0 0 0 0 1 1 0 1 0 1 0 0 1 1 1 0 1 0 0 0 0 1 1 0 0 1 1 1 1 1 0 1 0 1 1 1 1 1 1 0 0 0 1 1 0 1 1 1 1 1 1 1 1 1 1 1 1 1 0 0 0
1 0 0 0 1 1 1 0 1 1 1 1 1 1 1 1 1 1 1 1 1 0 0 0 1 1 0 1 0 0 1 1 1 0 1 1 0 0 1 1 1 1 1 0 1 0 1 0 1 0 0 0 1 1 0 0 0 0 0 0 1 1 1 1 0 1 1 0 1 0 1 0 1 1 0 1 0 1 0 1 0 1 0 1 1 1 1 1 0 0 1 1 1 1 1 1 1 0 1 1 1 1 1 1 1 0 0 1 1 1 1 1 0 1 0 0 0 1 1 0 1 1 0 0 1 1 1 1 1 0 1 1 1 0 1 1 1 1 1 1 1 0 0 1 0 1 1 0 1 0 0 1 1 1 1 1 0 1 1 1 0 0 1 1 0 0 1 1 1 1 1 1 1 0 1 0 1 1 0 1 1 1 1 1 0 1 1 1 1 1 0 1 1 1 0 1 1 1 0 1 0 1 0 1 1 1 0 0 1
1 0 0 1 0 1 1 0 1 1 1 1 0 1 1 0 1 1 0 0 1 0 1 0 0 0 1 1 1 0 1 1 1 0 1 1 1 1 0 0 0 1 1 1 1 1 1 0 1 0 1 1 1 0 1 0 0 1 0 1 1 1 1 0 0 0 1 1 0 0 1 1 1 1 0 1 1 0 0 1 1 0 1 1 1 1 1 0 1 1 1 1 0 1 0 0 1 0 1 1 1 1 0 0 1 1 1 1 1 0 0 0 1 1 0 1 1 0 0 0 1 1 1 0 1 1 1 1 1 1 1 1 0 1 0 1 1 1 1 0 1 1 0 0 0 1 0 1 1 1 0 0 1 0 1 1 1 1 0 1 0 0 1 0 0 0 1 0 1 1 1 0 0 1 0 0 1 1 0 0 1 1 0 1 0 1 1 1 1 1 0 0 1 1 0 0 1 1 1 1 1 1 1 0 1 1 0 0 1
1 1 1 0 0 1 1 1 0 0 0 1 0 1 0 1 1 1 0 1 0 1 1 0 1 0 0 1 1 1 0 0 0 1 0 1 0 0 0 0 0 0 0 1 1 1 0 0 0 1 0 0 0 0 0 0 0 0 0 0 1 1 0 1 0 1 1 1 0 1 1 0 1 0 1 1 0 1 1 0 1 0 1 1 0 0 1 1 0 0 0 0 0 1 0 1 0 1 0 0 1 0 0 1 0 0 1 0 0 0 1 1 0 0 1 1 0 1 1 0 1 1 0 0 0 0 0 0 0 0 1 0 0 1 1 0 1 0 1 0 0 0 0 0 1 1 0 0 1 1 1 1 1 1 0 1 0 1 0 0 0 0 0 0 1 1 0 0 1 1 1 1 1 0 1 1 0 1 1 0 1 0 0 0 1 1 0 0 1 0 1 1 1 1 0 0 1 0 0 1 1 0 0 1 0 0 1 1 1
0 1 1 1 1 0 0 1 1 1 1 1 1 0 0 0 1 0 1 0 0 0 0 1 0 0 0 0 0 0 0 1 1 0 1 1 1 1 0 1 1 1 0 1 1 0 0 0 1 0 1 1 1 1 0 1 0 0 0 1 1 1 1 0 0 1 0 0 1 0 1 0 1 1 0 1 0 1 1 1 1 1 0 0 0 0 1 0 0 1 0 1 1 1 1 0 0 1 1 0 0 1 1 1 1 1 1 1 1 1 1 1 1 1 0 0 1 1 1 1 0 0 1 0 1 1 0 0 1 1 1 1 1 0 0 1 1 1 1 1 1 1 0 1 0 1 1 1 0 0 0 0 1 1 0 1 1 1 0 0 0 1 1 0 1 0 0 0 0 0 0 1 1 1 1 1 1 0 0 1 0 1 1 0 1 0 1 1 0 0 1 1 1 0 1 1 1 1 1 0 0 1 1 1 1 1 0 0 0
0 0 1 0 0 0 1 1 0 1 1 0 0 0 0 1 1 0 0 1 1 0 0 0 1 0 1 1 1 1 1 1 0 1 0 1 1 0 1 0 0 1 0 0 1 0 0 1 0 1 0 0 0 1 0 0 1 0 1 0 1 1 1 0 1 1 0 1 0 0 1 0 0 1 1 1 0 0 0 0 1 0 0 1 0 0 1 1 1 0 1 0 0 1 0 1 1 1 1 1 1 0 0 1 0 1 1 1 0 1 0 0 0 0 1 1 1 0 1 0 0 1 0 0 1 0 0 0 1 0 1 0 0 1 1 1 0 0 1 0 0 1 1 0 0 1 0 0 1 1 1 1 1 1 0 1 1 1 1 1 0 0 0 0 1 1 1 0 0 0 0 1 0 0 1 1 0 1 0 0 1 0 0 0 1 0 1 1 1 1 0 1 0 1 0 0 1 0 0 1 0 1 0 0 0 0 0 1 0
1 1 0 1 1 1 1 0 0 1 1 1 1 1 1 1 1 1 0 1 0 0 1 1 1 1 1 0 1 0 1 0 1 0 1 1 1 1 0 1 1 1 1 1 0 1 0 1 1 1 1 1 1 1 1 0 0 0 0 0 0 0 1 1 1 1 1 1 1 1 1 0 0 0 1 1 0 1 0 1 1 1 1 1 1 0 0 1 0 1 1 1 1 1 1 1 0 1 1 0 1 0 1 0 1 1 0 0 0 1 0 1 0 1 1 1 1 1 1 1 0 1 0 1 0 0 1 1 1 0 1 0 0 1 0 0 0 1 0 1 0 1 1 0 1 1 1 1 0 0 0 1 1 0 0 1 1 1 0 1 0 0 1 1 1 1 1 0 0 0 0 0 1 0 1 1 1 1 1 1 0 1 0 0 0 0 1 0 1 0 1 1 1 1 1 0 1 1 1 0 1 1 1 0 1 1 0 0 0
1 0 1 1 1 1 1 0 1 1 1 0 1 1 1 1 1 0 1 1 1 1 0 0 0 1 1 0 0 0 1 1 1 0 1 1 1 0 1 1 0 0 1 0 1 0 1 1 1 1 0 1 1 0 1 0 0 1 0 1 1 1 0 0 1 1 1 1 1 1 1 1 0 0 1 0 1 0 1 1 1 1 1 1 1 0 1 1 0 0 1 1 0 1 1 1 1 1 1 0 0 1 0 0 1 1 1 1 1 1 1 1 1 1 1 1 1 1 1 1 1 1 1 0 0 1 1 0 1 1 0 1 0 0 0 1 0 1 1 1 0 1 0 1 1 1 0 1 0 1 1 1 0 1 0 1 1 1 0 1 1 1 0 1 1 1 1 0 0 0 0 0 0 0 0 1 0 0 1 0 1 0 1 1 0 1 0 0 1 1 0 0 0 1 1 1 1 0 0 0 0 1 0 1 1 0 0 0 1
0 1 0 0 0 1 1 1 1 1 0 1 1 1 0 1 1 0 1 1 1 0 1 0 1 0 1 1 1 0 1 1 1 1 1 1 1 1 1 1 1 0 0 1 0 0 0 0 0 0 1 0 1 0 1 1 0 0 1 1 1 1 1 1 1 0 1 1 1 0 0 1 0 0 1 1 1 0 1 0 0 1 1 1 1 1 1 0 0 0 0 0 0 1 0 1 1 1 1 1 1 0 0 1 1 1 1 1 1 1 1 0 1 0 1 1 1 1 0 0 1 0 0 0 1 1 1 1 1 1 1 1 1 1 1 0 0 1 1 1 0 1 1 1 1 1 0 1 0 1 1 1 0 1 1 1 1 1 1 0 1 0 1 0 1 0 1 1 1 0 0 0 1 0 0 1 1 0 1 0 1 1 1 1 0 1 1 0 1 1 1 1 1 1 0 1 0 1 1 1 1 1 1 1 1 1 0 0 1
1 0 1 1 1 1 0 1 0 1 1 1 0 1 1 1 1 1 0 0 1 1 1 0 0 0 1 1 0 1 1 1 0 1 1 1 1 0 0 0 0 0 0 1 0 1 1 1 0 1 0 1 0 1 0 0 0 1 0 1 0 1 1 1 0 1 1 1 1 1 0 0 1 1 1 1 0 1 0 1 1 0 1 1 1 0 1 1 1 1 1 1 1 0 0 0 1 1 1 1 1 1 1 1 1 0 1 0 0 0 1 1 1 1 1 1 0 1 1 1 0 0 1 0 1 0 0 0 0 0 1 0 0 1 1 1 1 1 1 0 0 1 1 0 0 0 1 1 1 1 0 0 0 0 1 1 1 0 1 1 0 1 0 0 1 0 1 1 0 1 0 1 0 0 0 1 1 1 1 0 1 0 1 0 0 1 1 0 1 0 1 1 0 0 0 0 0 0 0 1 0 1 0 1 0 0 0 1 1
0 1 0 1 1 1 0 0 1 1 0 1 0 0 1 0 1 0 0 0 1 0 0 1 0 1 1 1 0 0 0 1 1 1 1 1 1 1 1 1 1 1 0 0 0 1 0 0 1 1 1 0 0 1 1 0 0 0 1 1 1 1 0 0 0 1 0 0 1 1 0 1 0 1 1 0 1 1 1 1 1 0 1 0 0 1 0 1 0 1 1 1 1 0 0 0 0 1 1 1 0 1 1 0 1 0 0 1 0 1 1 0 1 1 0 0 1 1 1 1 0 0 1 1 1 0 0 1 1 0 0 1 0 0 0 1 0 1 1 1 1 1 0 1 1 1 0 1 0 0 0 0 1 1 0 1 1 1 0 1 1 1 1 1 0 1 0 1 0 0 0 0 0 0 1 1 1 1 1 1 0 1 1 1 0 0 1 1 0 0 0 1 1 1 1 1 1 1 0 0 1 0 1 1 1 1 0 0 0
1 1 0 1 1 1 1 1 0 0 1 1 0 1 1 1 1 1 1 1 1 1 0 1 1 1 0 1 0 0 0 0 0 1 0 1 0 0 1 1 1 0 1 0 1 1 1 1 1 1 1 1 1 0 0 1 0 1 0 1 1 1 1 1 1 1 1 1 1 1 1 1 1 1 1 1 0 0 0 1 0 1 1 1 1 0 1 0 0 0 1 1 0 1 0 1 0 1 1 0 1 1 1 1 1 1 1 1 1 1 0 0 1 0 0 1 0 1 1 0 1 1 1 1 1 0 0 1 1 1 1 0 0 0 1 0 1 0 0 1 1 1 1 0 1 1 1 0 1 1 1 1 0 0 1 1 1 1 1 1 1 1 1 1 1 0 1 1 1 1 0 0 0 1 0 1 1 1 1 1 0 1 1 1 0 0 0 1 1 0 1 0 1 1 1 1 1 1 1 1 0 0 1 1 1 1 0 0 1
0 0 1 1 0 1 1 1 0 0 1 1 0 1 1 1 1 0 0 1 1 1 0 1 1 1 1 1 1 0 1 0 0 1 1 1 0 1 1 0 0 1 1 1 0 1 1 1 0 1 1 1 0 0 1 0 0 0 0 1 1 1 0 1 1 1 0 1 0 1 1 0 1 1 1 1 0 0 0 1 1 0 1 1 0 0 0 1 1 0 0 0 1 1 0 1 1 1 0 1 1 0 0 0 1 0 1 0 0 0 1 1 1 1 1 0 1 1 1 0 1 0 1 0 1 1 1 1 1 0 1 1 0 1 1 1 1 1 1 0 0 0 0 1 1 0 0 1 0 0 1 1 0 1 1 1 1 1 1 1 0 0 1 1 0 0 1 1 1 1 1 1 1 1 1 0 1 0 1 1 1 0 1 0 0 0 1 0 1 1 1 0 1 0 0 0 1 0 1 1 1 1 1 1 1 0 1 0 1
0 1 1 1 0 1 0 0 0 1 0 1 0 1 1 0 0 0 0 1 1 0 0 0 1 0 0 0 0 0 0 1 0 0 0 1 1 1 1 1 0 1 1 1 0 1 1 0 0 1 1 1 1 1 1 1 0 1 0 0 1 1 0 0 1 1 0 0 1 1 0 1 1 1 1 1 1 1 1 1 0 1 1 0 1 0 0 0 0 1 1 1 0 1 1 1 0 1 1 0 0 1 0 1 0 1 0 1 1 1 1 0 1 1 0 0 1 0 1 1 0 0 1 1 0 1 1 1 0 1 1 0 1 0 0 1 1 1 1 1 1 0 0 1 1 0 0 1 1 0 1 0 1 0 1 1 1 1 0 1 1 0 0 1 1 1 0 1 0 1 0 1 1 1 1 1 0 1 0 1 0 1 1 1 1 1 0 1 0 0 1 1 0 1 1 1 1 1 0 1 0 1 0 1 1 1 0 1 0
1 1 1 0 0 0 1 1 1 0 1 1 1 1 0 1 1 1 0 0 1 1 0 1 1 1 1 1 0 0 0 1 0 1 1 0 1 1 1 1 1 1 1 0 0 0 0 0 0 1 1 1 1 1 1 1 0 1 0 1 0 1 1 0 1 1 1 1 1 1 1 1 1 1 0 1 1 1 1 1 1 1 1 1 1 1 1 0 1 1 1 1 1 1 0 1 1 1 1 1 1 1 0 1 0 1 0 1 0 1 0 0 0 0 0 1 0 0 0 0 1 0 1 0 1 1 0 0 1 1 1 1 1 1 1 1 1 1 1 1 0 0 1 1 0 1 0 1 1 1 1 1 1 0 1 1 1 0 0 1 1 0 1 1 1 1 1 0 1 1 0 0 1 1 1 0 1 0 1 1 1 1 0 1 0 1 1 0 1 1 0 1 0 0 0 0 1 1 1 1 0 1 0 1 1 1 0 0 1
0 1 1 0 0 1 1 1 0 0 1 1 1 1 0 1 1 0 0 0 1 1 1 1 1 1 1 1 1 0 1 1 0 0 1 1 1 0 0 0 1 1 1 1 1 1 0 1 1 1 0 1 0 1 0 0 0 1 0 1 1 0 1 1 1 1 1 1 1 0 0 0 1 1 1 1 1 1 1 0 1 0 1 1 0 0 0 0 1 1 1 0 1 1 0 1 0 1 1 1 1 1 1 0 0 1 1 1 0 1 0 1 1 0 0 0 0 1 1 0 1 1 0 1 1 0 0 1 1 0 1 1 0 0 1 1 0 1 0 1 0 1 0 1 1 0 0 1 1 1 1 1 1 0 0 0 0 1 1 1 0 0 1 0 0 0 1 0 0 1 1 1 1 1 1 1 0 1 0 0 1 1 0 1 0 1 1 1 0 1 1 1 0 1 0 0 0 0 1 0 1 1 1 1 0 0 1 0 1
1 1 1 0 1 1 1 1 1 1 1 0 1 1 0 1 1 1 1 1 1 1 1 1 1 1 0 1 1 0 1 1 1 1 1 1 0 1 1 1 0 1 0 1 1 1 1 1 1 1 1 1 1 0 1 1 0 0 0 0 1 1 1 1 0 1 0 1 0 1 0 1 1 1 1 0 1 1 0 1 1 1 1 0 1 1 0 1 1 1 1 1 1 1 0 1 1 1 0 1 0 1 1 1 1 1 1 1 0 1 0 1 1 0 0 1 0 1 1 1 1 0 1 1 1 1 0 1 0 0 1 0 1 0 0 1 1 1 1 0 1 0 1 1 0 1 1 1 1 0 1 0 1 0 1 1 1 0 0 1 1 0 1 1 1 0 0 1 0 1 0 0 0 1 1 1 1 1 0 0 1 1 1 1 0 0 1 1 1 1 1 0 1 0 1 1 0 0 1 1 1 1 0 1 1 0 0 0 1
1 1 0 1 1 1 1 1 0 1 0 1 0 1 0 1 1 1 0 0 1 0 1 0 0 0 0 1 0 0 1 1 0 1 1 1 1 0 1 0 0 1 0 0 1 0 1 1 0 1 1 0 0 1 0 0 0 0 0 0 1 1 1 1 0 1 1 1 1 1 0 0 1 1 1 1 0 1 1 1 1 0 1 1 0 0 1 0 0 0 1 0 1 0 0 1 0 1 1 1 1 0 0 1 0 0 0 0 0 0 1 1 1 0 1 1 0 1 1 0 1 0 1 1 1 0 0 0 1 0 1 1 0 0 0 1 0 1 1 0 0 0 1 1 0 0 0 0 1 1 1 1 1 0 0 1 1 0 1 1 0 0 0 0 1 1 1 0 1 0 1 1 1 0 0 1 0 1 1 1 0 0 0 0 1 0 1 0 0 0 0 0 1 0 0 0 0 0 0 1 1 1 0 0 0 0 1 1 1
0 1 1 0 1 1 0 1 0 1 1 1 1 0 1 0 1 0 0 1 1 0 0 1 1 0 1 0 0 0 0 0 1 0 0 1 0 1 1 1 1 0 1 0 1 0 1 0 1 0 1 1 1 0 1 1 0 0 1 1 1 1 0 1 1 1 0 0 1 1 0 1 1 1 0 1 0 1 1 1 0 1 1 0 0 1 1 1 1 1 0 1 1 0 1 0 0 1 1 1 0 1 0 1 1 0 1 1 1 1 1 1 1 0 0 0 1 0 0 0 0 0 1 1 1 1 1 1 1 0 1 1 1 0 0 1 1 1 1 1 1 1 0 0 1 1 1 1 0 0 1 0 1 0 1 1 1 1 0 1 1 1 1 1 1 1 0 1 0 1 0 1 0 1 1 0 1 1 1 1 0 0 1 1 1 1 1 1 0 0 0 1 1 1 1 0 1 1 1 1 0 1 0 1 1 1 0 0 0
0 1 1 0 1 1 1 1 1 1 1 1 0 1 1 0 0 0 1 1 0 0 0 1 1 0 0 1 0 0 0 1 1 0 1 1 1 1 0 0 1 1 0 0 1 0 1 1 1 0 1 1 0 0 1 0 0 1 0 0 0 1 0 0 1 1 0 0 1 1 0 0 0 1 1 1 1 1 0 1 1 1 0 0 1 1 0 0 0 1 1 1 1 1 0 1 0 1 1 1 0 0 1 0 1 1 1 1 1 1 0 0 1 1 0 0 1 1 1 0 0 1 0 1 0 0 1 0 1 1 0 0 1 0 0 0 0 0 0 1 1 1 1 1 1 1 1 1 0 0 1 0 1 1 1 1 1 1 0 1 1 1 1 1 1 0 0 1 0 0 1 1 1 1 1 1 1 0 0 1 0 1 0 1 1 0 0 1 0 0 1 0 0 1 1 0 0 1 0 1 1 0 0 0 1 1 0 0 0
0 1 0 1 0 1 0 1 1 1 0 0 1 0 1 0 1 0 1 0 1 0 0 0 1 0 1 1 0 0 0 0 1 1 1 1 1 1 1 1 1 1 1 1 1 1 0 0 1 1 1 1 1 1 1 1 0 1 1 1 0 1 1 0 1 1 0 0 1 0 1 1 1 1 0 1 0 1 1 1 1 1 1 0 1 0 0 1 1 0 1 1 1 1 1 1 0 1 1 1 0 0 1 1 1 1 0 1 1 1 0 0 1 1 0 0 1 0 1 1 0 0 1 0 1 1 1 1 1 1 1 1 0 0 0 0 1 0 0 0 0 1 0 1 1 0 1 1 1 0 1 0 1 1 1 1 1 1 0 1 0 0 1 1 1 1 0 0 0 0 1 1 0 1 1 0 1 1 1 1 0 1 1 0 1 0 1 1 0 0 0 1 0 0 1 1 1 1 1 1 1 1 0 1 0 1 0 0 0
0 0 0 0 0 0 0 0 1 0 0 0 0 0 0 0 0 0 1 0 0 0 0 0 0 1 0 0 1 0 0 0 0 0 0 0 0 1 0 1 0 0 0 0 0 0 0 0 1 0 0 1 1 0 1 1 1 0 1 0 0 0 0 0 0 0 1 0 0 0 0 0 0 0 0 0 0 0 0 0 0 1 0 0 0 1 0 0 0 0 0 0 0 0 0 0 0 0 0 0 1 0 0 0 0 1 0 0 1 1 0 0 0 0 0 0 0 0 0 1 0 1 0 0 0 0 1 1 0 1 0 0 0 0 1 0 0 0 0 0 1 0 0 0 0 0 0 1 0 0 0 0 0 0 0 0 0 0 1 0 0 1 1 1 0 0 1 1 1 0 0 0 0 0 0 0 1 0 0 0 1 1 1 1 0 0 0 0 0 1 0 0 0 0 1 1 0 0 1 0 0 0 0 0 1 1 1 1 0
1 1 0 1 1 1 1 1 0 1 1 0 1 0 1 0 1 0 0 1 1 1 1 0 1 1 1 1 0 0 0 0 0 1 1 1 1 1 1 1 1 1 1 1 0 0 0 1 1 1 1 1 1 1 0 1 0 1 1 1 1 0 1 1 1 1 1 1 1 1 1 1 1 1 0 0 0 1 1 1 0 1 1 0 0 0 1 1 1 0 1 0 1 1 0 1 1 0 1 0 1 1 0 1 0 1 0 0 0 1 0 1 1 0 1 1 1 1 1 0 0 1 1 1 1 1 1 1 1 0 1 0 1 1 0 0 1 1 1 1 1 1 1 1 1 0 0 0 1 1 0 0 0 1 0 1 1 1 1 1 0 0 1 1 1 1 1 0 0 0 1 1 1 0 0 0 1 1 1 0 0 1 0 0 0 0 1 1 0 0 1 0 0 1 1 1 1 0 1 1 1 0 1 1 1 0 1 0 1
1 1 1 0 1 0 1 0 1 1 1 1 1 1 1 1 1 0 1 0 1 1 1 1 1 1 0 1 0 0 1 1 1 1 1 1 1 1 1 0 1 0 0 1 1 0 1 1 0 0 1 1 1 1 1 1 0 0 1 1 1 1 0 1 1 0 1 0 1 0 1 1 1 1 0 1 1 0 1 0 1 0 1 1 1 1 1 1 1 1 1 1 0 1 0 1 0 0 0 1 0 0 1 1 1 1 1 1 1 0 1 1 1 1 0 0 0 1 1 1 1 1 1 1 1 1 1 0 0 1 1 1 0 0 1 1 0 1 1 1 1 1 0 1 1 1 1 1 1 0 1 1 1 0 1 1 1 1 1 1 0 1 1 1 1 1 0 1 1 1 0 1 1 1 0 1 0 1 1 1 1 1 0 1 0 1 0 1 1 1 0 1 1 1 1 1 0 0 1 0 0 1 1 1 1 0 0 0 1
1 1 0 1 0 1 0 1 0 1 0 0 0 0 1 1 0 0 1 1 1 1 0 0 0 1 1 0 1 0 1 1 1 1 1 0 1 1 0 1 1 1 1 0 0 0 1 0 1 1 1 1 0 1 1 1 1 1 1 1 1 0 1 1 0 1 0 1 1 1 1 1 1 0 0 0 0 1 1 0 0 0 0 0 0 1 1 1 1 1 0 0 1 1 0 0 0 1 0 1 0 1 1 0 1 1 0 1 1 1 1 1 0 1 0 0 1 0 1 0 0 0 0 0 1 1 1 1 1 1 0 1 1 0 0 0 1 1 1 1 1 1 0 0 1 1 1 1 1 1 0 1 1 0 1 0 1 1 0 0 1 1 1 0 1 1 0 1 1 0 0 0 0 1 1 0 1 0 1 1 0 1 1 1 0 1 1 0 1 0 0 0 1 1 1 1 0 1 0 1 0 1 1 0 0 1 0 0 0
1 1 0 1 1 1 1 1 0 1 1 1 1 0 1 1 0 1 0 0 1 1 1 0 1 0 0 1 0 1 1 1 0 1 1 1 1 0 0 0 0 0 1 0 0 0 1 1 0 0 1 0 0 1 0 0 1 0 0 1 1 1 1 1 1 0 0 1 1 0 1 0 1 0 1 1 0 1 1 1 1 0 0 1 0 0 0 1 1 0 1 0 0 1 0 1 1 1 1 0 1 1 1 1 1 0 1 0 0 0 1 0 1 1 1 0 1 1 1 0 1 1 0 1 1 0 0 0 0 0 1 0 0 1 1 1 1 1 0 0 0 1 1 0 1 1 0 0 0 1 0 0 1 0 1 1 1 1 0 1 0 0 0 0 1 1 1 0 1 1 1 1 1 0 1 1 0 1 0 1 0 0 0 0 0 0 1 1 0 0 1 1 1 1 0 0 1 0 0 1 0 0 0 1 0 0 1 0 1
1 1 1 0 1 1 1 1 0 1 1 1 0 1 0 1 0 1 0 1 1 1 1 0 1 0 1 1 0 1 0 1 0 0 1 1 0 0 0 0 0 1 0 0 1 0 1 1 0 1 1 0 0 1 0 0 1 0 0 0 1 1 1 1 1 1 1 1 1 1 1 0 1 1 1 1 0 1 1 1 0 0 0 1 0 0 1 0 0 0 1 0 1 1 0 0 1 1 1 1 0 0 0 1 1 0 1 0 0 0 0 1 0 1 1 1 1 1 1 0 1 1 1 1 1 0 0 0 1 0 1 0 0 1 1 0 0 1 1 0 0 1 1 1 1 1 0 0 1 0 1 1 1 1 0 0 0 0 1 1 0 0 0 0 1 1 0 0 1 0 1 1 0 0 0 1 0 1 1 1 0 0 0 0 1 0 1 0 0 0 1 1 1 1 0 0 1 0 0 0 0 1 0 1 0 0 1 1 1
0 1 0 1 0 1 1 1 1 1 0 1 1 0 1 1 0 0 0 0 0 1 1 1 1 1 1 1 0 0 0 0 1 1 0 1 1 0 0 0 1 1 0 1 1 1 1 1 1 1 1 1 0 1 0 0 0 0 0 1 1 0 1 1 0 1 1 0 1 1 1 0 1 1 1 0 1 1 1 1 1 1 1 1 0 1 0 1 1 0 1 1 1 1 0 1 0 1 1 1 1 0 0 0 0 1 1 0 0 1 0 1 1 1 1 1 1 1 0 1 0 1 1 1 1 1 1 0 1 1 1 1 1 0 0 1 1 0 1 1 0 0 1 1 0 1 1 1 1 0 1 1 0 0 1 1 1 0 0 1 0 0 0 1 0 0 1 1 0 1 0 1 1 0 1 1 1 0 1 1 0 0 1 0 0 1 0 0 1 1 0 1 1 0 0 1 0 1 1 1 1 0 1 1 1 0 0 1 1
0 0 1 1 1 1 1 1 1 0 0 1 1 0 0 0 1 1 0 1 1 1 1 1 1 1 1 1 0 0 1 1 0 0 0 1 1 1 0 1 0 0 1 0 1 1 0 1 1 1 0 1 0 1 1 0 0 1 0 0 1 1 0 0 1 1 1 1 1 1 1 0 1 1 1 1 1 1 1 1 1 1 1 1 1 0 1 1 1 1 1 1 0 0 1 1 1 1 0 0 1 1 0 1 1 1 0 1 0 1 1 0 0 1 1 1 1 1 0 0 1 1 1 0 0 1 1 0 1 0 0 0 1 0 1 1 1 0 0 1 0 1 1 1 1 0 0 1 1 1 0 1 1 0 0 1 1 1 1 1 0 0 0 1 1 0 1 1 1 1 0 1 1 1 0 0 1 1 1 0 0 1 0 1 0 0 1 0 1 1 1 0 0 1 0 0 1 1 1 1 1 0 1 0 0 0 1 0 1
1 1 1 1 0 1 0 0 0 1 0 0 1 1 1 1 0 1 0 1 1 1 1 1 1 1 1 0 1 0 1 0 0 1 1 1 0 1 1 0 1 1 1 1 0 1 1 1 0 1 1 1 0 0 0 0 0 0 0 1 1 1 1 1 1 1 0 0 1 0 1 0 1 1 1 1 1 1 1 0 1 0 1 1 0 0 1 1 1 1 1 0 0 1 0 1 0 1 0 1 0 1 1 1 1 1 1 1 0 1 0 1 1 0 1 0 1 0 0 0 0 1 1 1 1 0 1 1 1 0 1 1 0 1 1 1 1 1 1 0 0 1 1 1 1 0 0 1 1 0 1 1 1 1 1 1 1 1 1 0 0 0 0 0 1 1 1 1 0 1 0 1 0 1 1 1 0 0 0 1 1 1 0 0 0 0 1 1 1 1 1 0 0 1 1 0 1 0 1 0 1 1 0 1 0 0 0 0 1
1 1 0 0 1 1 0 1 1 1 0 0 1 1 1 1 1 1 1 1 0 1 0 1 1 1 1 0 1 0 1 1 1 1 1 1 1 1 1 1 1 1 1 1 1 1 0 0 0 0 1 1 1 1 0 0 0 1 0 1 0 1 1 1 0 1 1 1 1 0 0 0 0 1 1 1 1 1 1 0 1 1 1 1 1 1 1 0 1 1 1 1 1 1 1 1 1 1 1 0 1 1 0 0 0 0 0 1 0 1 1 0 0 0 1 1 1 0 0 0 1 1 1 1 0 1 1 1 1 1 1 1 0 1 0 1 1 1 1 1 1 1 0 0 0 0 1 1 1 1 1 1 1 1 1 1 1 1 1 0 1 1 1 1 1 1 1 0 1 1 1 1 0 1 1 0 1 0 1 0 0 1 1 0 0 1 1 1 1 1 0 1 1 0 1 1 0 0 1 1 1 1 1 1 0 1 0 0 0
0 1 0 0 1 1 1 0 0 1 1 1 1 0 1 0 1 0 0 1 1 0 0 1 1 0 1 1 0 0 0 0 1 0 1 0 0 0 0 1 0 1 0 1 1 1 1 0 1 0 0 1 1 0 1 0 0 0 1 1 1 1 1 1 1 0 0 0 0 0 0 1 0 0 1 0 1 0 1 1 1 0 0 0 1 1 1 0 1 1 1 0 1 1 1 1 0 0 1 0 0 1 1 1 1 1 0 1 0 1 1 0 1 0 0 0 1 0 1 1 0 0 1 0 0 0 0 1 0 1 1 0 1 0 0 0 1 0 1 1 1 1 0 1 0 1 1 0 1 0 1 0 0 0 0 1 1 1 0 1 1 1 1 1 0 0 0 1 0 1 1 0 0 1 1 0 1 0 0 1 0 1 1 1 1 1 1 1 0 0 0 0 1 1 0 0 0 1 1 1 1 0 1 1 1 1 0 0 0
0 0 1 0 1 0 1 1 1 0 1 0 0 0 1 0 0 0 1 0 1 0 0 1 0 0 0 0 0 0 0 1 0 0 1 0 0 1 1 0 1 0 1 0 0 1 1 0 1 1 1 1 1 1 1 0 0 1 1 1 1 1 0 1 1 1 0 0 1 0 1 0 1 1 1 0 1 0 0 0 0 1 1 0 1 1 1 0 0 1 1 1 1 0 0 1 0 0 1 1 0 0 0 0 0 0 0 1 0 1 1 0 0 0 0 0 1 1 1 0 0 0 1 1 0 0 1 1 1 1 0 1 0 0 0 1 1 0 1 0 1 1 0 1 1 0 1 0 0 0 0 0 1 1 1 1 1 1 0 1 1 0 1 1 1 0 0 1 0 0 1 1 0 1 1 0 1 0 0 1 0 0 0 1 1 1 1 1 0 0 1 0 0 1 0 0 0 0 0 1 1 1 1 0 1 1 0 0 0
1 1 1 0 0 0 1 1 0 1 1 0 0 1 1 1 1 1 1 1 1 1 0 0 0 1 1 1 0 0 1 1 1 1 1 1 1 1 1 1 1 1 1 1 0 0 1 0 0 1 1 1 1 1 1 1 0 1 0 1 1 1 0 1 1 1 1 1 1 0 1 1 1 0 1 0 1 1 0 1 1 0 1 1 0 1 1 1 1 0 1 1 0 1 1 1 1 1 0 1 1 0 1 0 1 1 1 1 0 0 0 1 1 1 0 0 0 1 0 0 0 1 1 1 1 1 1 0 0 0 1 1 0 1 0 1 1 1 1 1 1 1 1 1 1 1 0 1 0 1 0 1 1 0 1 0 1 1 0 1 1 0 0 1 1 1 1 1 1 1 1 0 0 1 1 1 1 1 0 0 0 1 0 1 0 1 0 0 1 1 0 1 1 0 0 0 0 0 0 1 0 0 1 1 1 1 1 0 0
0 1 1 0 0 0 0 0 1 0 0 1 1 0 1 0 1 0 1 1 0 0 0 1 1 1 0 1 0 0 0 1 1 1 0 1 1 1 0 1 1 1 1 0 0 1 1 0 1 0 0 0 0 1 1 0 0 1 1 0 1 0 0 0 1 0 0 0 1 1 1 1 1 0 1 0 1 1 0 1 1 1 1 0 0 0 0 0 1 1 1 1 1 1 1 1 0 1 1 0 0 1 1 1 1 1 1 0 1 1 0 1 0 1 0 0 0 1 1 0 0 0 0 1 1 0 1 1 1 0 0 0 1 0 0 1 1 1 0 1 0 0 0 1 1 1 1 1 0 0 0 0 1 1 1 0 1 0 0 1 1 0 1 1 1 1 0 1 0 1 0 1 0 1 1 0 1 1 0 0 0 1 1 1 0 0 0 1 0 0 1 1 0 0 1 0 0 0 1 1 1 1 1 1 0 0 0 0 0
0 1 0 0 1 0 1 0 1 1 0 1 1 0 0 0 0 0 1 1 1 0 0 0 1 0 1 0 0 0 0 1 0 0 1 0 0 0 1 1 0 0 1 1 0 0 1 0 1 1 1 1 1 0 0 1 0 0 0 1 0 1 0 1 1 1 0 0 1 1 1 0 0 1 1 1 1 1 1 1 1 1 0 0 0 1 1 1 1 1 1 0 0 1 1 1 0 1 1 1 0 1 1 1 0 1 1 0 1 1 0 1 1 1 0 0 0 1 1 1 0 0 1 0 1 1 1 1 1 1 0 1 0 0 0 0 1 1 1 1 0 1 0 1 1 1 1 1 1 0 0 0 1 1 1 1 1 1 0 1 1 0 0 1 0 1 0 1 0 1 0 1 0 0 1 1 0 1 1 1 0 1 0 1 1 1 1 0 0 0 1 1 1 1 1 0 0 1 0 1 1 0 0 1 1 1 0 0 0
0 1 1 1 1 0 1 1 1 0 1 0 0 1 1 1 1 1 0 0 1 1 0 1 1 1 1 0 1 0 1 1 1 0 1 0 1 1 1 1 0 0 1 1 1 0 1 1 1 1 1 1 1 1 1 1 0 1 0 1 1 0 0 1 1 1 0 1 0 1 1 0 1 1 0 0 1 1 1 1 1 0 0 0 1 1 1 1 0 1 1 0 0 1 0 1 0 1 1 0 1 1 0 1 1 1 1 1 1 1 0 1 1 1 0 1 1 0 1 0 1 1 1 0 1 1 1 0 1 1 1 1 1 1 1 1 1 1 0 1 0 0 0 1 1 1 1 1 0 1 0 1 1 0 1 1 1 1 0 1 0 0 1 1 1 1 1 0 1 0 0 1 1 0 1 1 1 1 0 1 1 1 1 1 0 1 0 1 1 0 1 1 0 1 1 1 1 1 1 0 1 1 1 1 1 1 0 0 1
0 0 1 1 1 1 1 1 1 1 1 0 0 1 1 0 1 1 0 1 1 1 0 0 1 1 0 1 1 0 1 1 0 0 1 1 0 0 1 1 1 1 1 1 1 1 1 1 0 0 1 1 0 1 1 0 0 1 0 1 1 1 0 1 1 1 0 1 1 0 0 0 1 1 1 1 1 1 0 0 0 1 1 0 0 1 1 0 0 1 1 1 1 0 0 1 1 1 0 1 1 0 1 0 1 1 1 0 0 1 0 1 0 0 0 0 1 1 1 1 1 0 0 0 1 0 1 1 1 1 1 0 1 1 0 0 0 0 1 1 0 1 0 1 1 0 0 0 1 0 0 0 1 1 0 1 1 1 1 1 0 1 1 1 0 1 1 0 0 1 0 1 0 1 0 1 0 0 1 1 1 0 1 1 0 1 0 0 0 0 1 1 1 1 1 1 0 1 1 1 0 1 1 0 0 0 0 0 0
1 1 0 0 1 1 1 1 1 1 0 1 1 1 0 1 0 1 0 1 1 0 1 0 1 1 1 1 0 0 0 1 1 0 1 1 0 1 0 1 1 1 1 1 1 1 1 1 1 0 0 1 1 1 0 0 0 1 1 1 1 1 1 1 1 0 1 1 0 1 1 1 1 1 1 1 0 1 1 1 1 0 1 1 0 1 1 1 0 1 0 1 1 1 0 1 1 1 1 1 1 1 1 1 1 1 1 1 0 1 1 0 0 1 0 1 1 1 1 0 1 1 0 1 1 1 0 1 1 0 0 1 0 0 1 0 1 1 1 1 1 0 0 0 0 1 1 1 0 1 1 1 1 1 0 1 1 0 1 0 1 1 1 1 1 1 0 1 1 1 1 1 1 0 0 1 1 1 1 1 1 1 0 1 0 0 1 1 0 1 0 0 1 1 0 1 0 1 0 1 1 0 1 1 1 0 0 0 0
0 1 0 1 1 1 1 1 1 1 1 1 1 0 1 0 1 0 1 1 1 0 0 1 0 1 1 1 0 0 0 1 1 1 1 0 0 1 1 1 0 0 1 0 0 1 1 0 1 1 1 1 1 1 0 1 0 0 0 1 1 1 0 1 0 1 0 0 1 1 1 0 1 0 1 0 0 1 0 0 0 1 0 0 1 1 0 1 0 0 0 1 1 1 1 1 0 1 0 1 0 0 1 0 1 1 0 0 1 0 1 1 1 0 0 0 1 1 1 0 0 0 1 1 1 0 0 1 1 1 0 0 0 0 0 1 1 1 1 1 0 0 0 1 1 1 1 1 1 0 1 0 1 1 1 1 1 1 0 0 1 1 1 1 0 1 0 1 0 1 0 1 0 1 1 1 0 0 1 0 0 0 0 0 0 1 1 1 0 0 1 1 0 1 1 1 1 1 0 1 1 1 0 1 1 0 0 0 0
1 1 1 1 0 1 1 0 1 1 0 1 1 1 0 1 1 1 0 0 1 0 1 1 1 1 1 1 0 0 1 1 0 0 0 1 0 0 0 0 1 0 0 1 0 0 1 0 0 0 1 0 0 0 1 0 0 1 0 1 0 1 1 0 1 0 1 0 0 0 0 0 1 1 0 0 1 1 1 0 1 0 1 0 0 0 1 1 1 0 1 1 0 0 0 0 1 1 1 0 1 0 1 0 0 1 0 0 0 1 1 1 1 1 0 1 0 0 0 0 0 1 1 1 1 0 1 1 1 0 1 0 1 1 0 1 1 1 1 1 0 0 0 1 1 0 1 1 1 0 1 1 0 1 1 1 1 1 1 1 0 0 0 1 1 0 1 1 0 0 1 1 1 1 1 1 1 1 1 1 0 1 0 1 0 1 1 0 1 1 1 0 1 1 1 0 1 1 1 1 0 1 1 0 0 0 1 0 0
0 1 1 1 1 1 0 0 1 0 1 1 1 0 0 0 0 0 1 1 1 0 0 0 0 1 0 0 0 0 0 1 0 1 1 1 0 0 1 0 1 1 1 1 0 0 1 1 1 1 1 1 1 1 1 1 0 1 0 1 1 1 1 1 1 1 0 0 1 1 1 1 1 1 1 1 0 1 1 0 0 0 1 0 1 1 1 0 0 1 1 1 1 1 1 1 0 1 1 1 0 1 1 0 1 1 0 1 1 1 1 0 1 1 0 0 1 1 0 0 0 0 1 1 0 1 1 1 1 1 0 1 1 0 0 1 1 1 1 0 1 1 1 1 1 1 1 1 1 0 0 0 0 1 1 0 1 0 0 0 0 1 1 1 1 1 0 1 0 1 1 1 0 1 1 1 1 1 0 1 0 1 1 0 1 1 1 0 0 0 1 0 0 0 1 1 1 0 1 1 0 1 1 0 0 1 0 0 0
0 0 1 0 1 1 0 1 1 1 0 1 0 0 1 0 0 0 1 1 1 0 0 1 0 1 0 0 0 0 0 0 1 1 1 0 0 0 0 1 1 1 0 0 0 1 0 0 1 1 1 1 1 1 0 0 1 1 1 1 1 1 0 1 1 1 0 0 1 0 0 0 1 1 1 1 0 0 0 0 0 1 1 0 0 1 1 0 0 0 1 1 0 1 1 1 0 0 0 0 0 1 1 1 1 0 0 1 1 1 0 0 0 0 0 0 1 1 0 1 0 0 1 0 1 1 1 0 1 1 1 0 1 0 0 1 1 0 0 0 1 1 0 0 1 1 1 0 1 0 1 0 0 1 1 1 0 1 0 1 1 0 1 1 1 1 0 1 0 1 0 1 0 1 1 0 1 1 0 0 0 1 1 1 1 0 0 1 0 0 0 0 0 1 1 1 1 0 1 1 0 0 0 0 1 0 0 0 0
1 0 0 0 0 0 0 0 0 0 1 0 0 1 0 0 1 1 0 1 0 1 1 0 0 0 1 0 1 0 1 0 0 0 0 0 0 0 0 0 0 0 0 0 1 0 0 1 0 0 0 0 0 0 0 0 1 0 1 0 1 0 1 0 0 0 0 1 0 1 0 0 0 0 0 0 0 0 0 1 1 0 0 0 0 0 0 1 0 0 0 0 0 0 0 0 1 1 0 0 1 0 0 0 0 0 1 0 0 0 1 1 0 0 1 0 0 0 0 0 0 1 0 0 0 0 0 0 1 0 1 0 0 1 1 0 1 0 0 0 0 0 1 0 0 0 0 0 0 0 0 1 0 0 0 0 0 0 1 0 0 0 0 0 0 0 1 0 0 0 0 0 0 0 0 1 0 0 1 0 1 0 0 0 1 1 0 0 1 1 0 1 0 0 0 0 1 0 0 0 0 0 0 1 0 0 0 1 0
0 0 0 0 0 0 0 0 1 0 0 0 0 0 0 1 0 1 0 0 0 0 1 0 0 0 0 1 1 1 1 0 1 0 0 0 0 0 0 0 0 0 0 0 1 0 0 1 0 0 0 0 1 0 0 1 1 0 0 0 0 0 0 0 0 0 1 0 0 0 0 0 0 0 0 0 0 0 0 0 0 0 0 0 1 0 0 0 0 0 0 0 0 0 1 0 1 0 0 0 0 0 0 0 0 0 1 0 0 0 0 0 0 0 1 1 0 0 0 0 0 1 0 0 0 0 0 0 0 0 0 0 0 0 1 0 0 0 0 0 1 0 1 0 0 0 1 0 0 0 0 1 0 0 0 0 0 0 1 0 1 1 0 0 0 0 1 0 1 0 0 0 1 0 0 0 1 0 0 0 1 0 0 0 1 0 0 0 0 1 1 0 0 0 0 0 0 0 0 0 0 0 0 0 0 0 1 0 1
1 1 0 0 1 0 1 1 0 0 0 1 1 1 0 1 0 1 0 0 0 0 0 0 1 0 1 1 1 1 1 1 0 1 1 1 1 0 1 0 0 1 1 1 1 1 1 1 0 1 1 0 0 1 0 0 0 0 0 0 1 0 0 0 1 0 1 1 0 1 1 0 0 1 0 0 1 0 1 1 1 0 1 0 0 0 1 1 0 0 1 0 1 1 0 0 1 1 1 1 0 1 1 1 1 0 1 0 0 0 1 0 0 0 1 1 1 0 1 0 1 1 1 1 1 0 0 0 1 0 1 1 0 1 0 0 0 1 1 0 0 1 1 1 1 1 0 0 0 0 0 1 1 1 1 0 1 0 0 1 0 0 0 0 1 1 1 0 0 0 1 1 1 0 1 1 0 1 1 1 1 0 0 0 0 1 1 0 1 1 1 1 1 0 0 0 0 0 0 1 0 0 0 0 0 0 0 1 0